0
0
0
0
0
0
0
0
0
0
0
0
0
0
0
0
0
0
0
0
0
0
0
0
0
0
0
0
0
0
0
312,000
0
0
0
0
0
209,000
99,800
0
0
0
0
0
0
0
0
0
0
0
0
0
0
0
0
0
0
0
0
0
0
0
0
0
0
0
0
0
0
267
74,800
221,000
0
0
0
749,000
0
0
3,830
69,600
0
0
0
0
0
0
154,000
0
0
42,000
0
0
0
915
54,900
16,600
0
0
0
0
0
0
0
0
5,430
0
0
0
0
0
0
374,000
0
24,200
0
0
0
0
0
0
0
0
0
51,300
18,100
0
0
0
0
0
0
0
0
0
0
0
74,900
0
9,210
0
0
694
11,200
0
0
0
0
0
0
350,000
0
0
0
0
0
0
0
0
0
0
0
0
0
0
0
0
0
0
0
0
0
0
0
0
0
0
0
0
0
0
0
0
0
0
0
0
0
0
1,260,000
0
0
0
0
1,820
0
9,600
0
0
0
0
0
34,400
0
0
0
0
0
0
0
0
17,200
393,000
41,000
101,000
0
0
0
0
0
0
0
0
0
0
0
0
0
0
0
0
0
0
0
0
0
0
0
0
0
0
0
0
0
0
0
0
0
0
0
73,900
0
0
0
0
0
0
0
0
0
0
0
2,830
0
0
0
0
0
0
0
0
0
0
0
0
0
0
0
0
0
0
0
0
0
0
0
0
0
0
0
0
713
0
131,000
0
0
0
0
0
0
0
0
0
0
0
0
0
0
0
0
0
0
0
0
0
0
0
0
0
0
0
0
0
0
0
0
0
1,510
0
0
0
0
0
0
0
0
59,600
0
4,170,000
0
0
0
1,410,000
0
0
0
0
0
0
0
0
0
0
0
0
0
0
0
0
4,730,000
0
0
0
0
0
3,400,000
194,000
19,000
3,230,000
626,000
0
5,250,000
6,720,000
280,000
0
118,000
0
0
0
0
0
0
0
0
0
0
1,120,000
0
6,960
0
0
0
0
0
0
0
0
0
0
11,300
0
0
0
0
35,000
0
0
0
0
672,000
0
12,900
0
0
0
0
0
214,000
0
0
0
0
0
0
0
0
0
0
0
0
0
0
0
0
0
0
0
0
0
0
40,800
0
0
23,600
0
0
0
0
0
0
0
0
32,400
0
0
0
0
0
0
0
0
0
0
0
0
0
0
0
0
0
0
0
0
0
0
0
0
0
0
0
0
0
0
0
0
0
0
0
0
0
0
0
0
0
0
0
0
0
0
0
0
0
81,500
0
0
0
0
0
0
0
0
0
0
0
0
0
0
0
0
0
0
0
0
0
0
3,580
0
0
0
0
0
53,600
0
0
0
0
0
0
0
0
0
0
0
0
0
0
0
0
0
0
0
0
47,900
0
0
0
0
0
0
0
0
0
0
0
0
0
0
0
0
0
0
0
0
0
0
0
0
0
0
0
0
0
0
0
0
0
20,800
384,000
0
0
0
0
0
0
0
0
0
0
1,370,000
0
206,000
0
0
0
0
0
0
0
0
0
0
8,800
7,170
0
0
0
0
0
0
0
0
0
0
0
0
462,000
0
0
0
0
27,900
278,000
0
0
0
0
0
0
0
0
0
0
0
0
0
0
0
2,070,000
0
0
0
0
0
430
0
0
0
0
0
0
0
0
984
0
0
0
0
0
0
0
0
0
0
0
0
0
0
0
0
0
0
0
67,600
0
0
74,700
0
0
0
0
0
0
0
0
0
0
0
3,610,000
0
0
0
252,000
22,600,000
0
0
310,000
0
0
0
0
0
0
7,610
26,600
325,000
0
0
0
0
0
0
1,740
0
0
0
5,600
190,000
0
0
0
0
0
0
0
0
34,600
0
0
0
0
0
0
0
0
0
0
0
0
0
0
0
0
0
0
4,670
0
321,000
0
0
198,000
0
984,000
0
0
19,800
1,690,000
0
0
217,000
22,100
55,600
0
41,100
0
0
0
0
0
0
0
0
0
0
416,000
446,000
0
0
0
0
0
0
0
0
0
0
0
0
0
0
0
0
0
0
0
0
0
0
0
0
0
0
0
0
0
0
0
0
0
0
0
0
37,700
330,000
0
0
70,900
0
0
79,400
163,000
0
0
107,000
33,900
0
0
0
0
33,900
0
0
0
0
0
0
0
0
0
0
0
0
0
0
0
0
0
0
0
0
0
0
15,100
0
0
0
0
0
0
0
0
0
0
0
0
0
0
0
0
0
0
0
0
0
0
0
0
0
0
0
0
0
0
0
0
0
0
0
0
0
0
0
0
0
0
0
0
0
0
0
0
0
0
0
0
0
0
0
0
0
0
0
0
0
0
0
0
0
0
0
0
0
0
0
0
0
0
0
0
0
0
0
0
0
0
0
0
0
0
0
0
0
0
0
0
0
0
0
0
0
1,040
0
0
0
0
0
0
0
0
0
0
0
0
0
0
0
0
0
315,000
0
0
0
0
0
0
0
0
0
0
0
0
0
0
0
0
0
0
0
0
0
0
0
0
0
0
0
0
0
0
0
0
0
0
0
0
0
0
0
0
0
0
0
0
0
0
0
0
0
0
0
0
0
0
0
0
0
0
0
0
0
0
0
0
0
0
0
0
0
0
0
0
0
0
0
0
0
0
0
0
0
0
0
0
0
0
0
0
0
0
0
0
0
0
0
0
0
0
0
0
0
0
0
0
0
0
1,410
0
0
0
0
0
0
0
0
0
0
1,100,000
0
0
0
0
0
816,000
209,000
0
0
4,590,000
222,000
0
31,900
0
0
0
0
0
0
0
0
0
0
0
0
0
0
0
721,000
75,400
443,000
0
0
0
0
0
0
0
0
0
0
0
0
0
0
0
0
0
0
271,000
0
9,880,000
641,000
1,270,000
1,740,000
6,750,000
146,000
3,380
0
349,000
0
11,700
0
0
0
0
0
0
0
0
0
0
0
0
0
0
0
39,100
0
29,400
0
0
0
0
0
0
0
1,750,000
0
0
0
0
0
0
0
0
0
0
0
0
0
0
0
0
0
0
0
0
0
0
0
130,000
0
0
0
0
0
0
0
0
0
0
0
0
0
0
0
0
0
0
0
0
0
0
0
0
0
49,300
86,800
987,000
0
0
0
0
0
0
0
221,000
0
0
0
0
0
0
0
0
0
0
0
42,700
0
0
0
0
0
2,900
0
0
0
0
0
0
0
14,400,000
0
2,200,000
0
0
0
0
1,330,000
0
0
0
0
0
0
0
0
0
0
0
0
0
0
0
0
0
0
0
0
14,500
169,000
171,000
91,200
3,190,000
0
0
0
0
0
0
0
0
0
0
0
0
0
0
3,040,000
0
0
130,000
0
182,000
123,000
0
0
0
515,000
47,000
21,600
514,000
0
0
1,770,000
0
861,000
112,000
0
0
0
0
0
0
0
0
0
0
0
0
0
0
0
0
0
0
0
0
0
0
0
0
0
0
0
0
0
0
0
0
0
0
0
28,000
0
0
0
0
0
0
0
0
0
0
0
0
0
0
0
0
0
0
0
0
0
0
0
0
0
0
0
0
0
0
0
0
0
0
0
0
0
0
0
0
0
0
0
0
0
0
0
0
0
0
0
0
0
0
0
0
0
0
0
0
0
0
0
0
0
0
0
0
0
0
0
0
0
0
0
0
0
0
0
0
0
0
0
0
0
0
0
0
0
0
0
0
0
0
0
0
0
0
0
0
0
0
0
0
0
0
0
0
0
59,200
0
0
46,200
0
0
0
27,500
0
0
0
0
0
0
0
0
32,300
0
0
0
0
0
0
0
0
0
0
0
0
0
51
0
497
2,980
0
0
0
0
179,000
0
0
0
0
84,200
3,400
0
0
0
0
4,780
0
0
0
0
0
0
0
0
0
0
0
0
0
0
0
0
0
0
0
50,100
0
271,000
0
0
0
0
0
0
0
0
0
0
0
0
0
415,000
226,000
27,500,000
0
0
0
0
0
0
1,360,000
0
0
0
0
0
0
0
0
0
0
0
0
0
0
0
0
0
0
0
0
0
0
0
0
0
0
0
0
0
0
0
0
0
0
0
0
0
0
0
0
0
147,000
0
0
119,000
1,540,000
1,970,000
0
0
0
382,000
5,340
0
278,000
0
0
27,700
7,850,000
0
30,100
0
0
0
0
0
3,690,000
0
0
0
0
0
0
0
554,000
57,100
0
0
0
0
0
0
0
0
0
0
0
0
0
0
0
0
0
0
0
0
0
0
0
0
0
0
0
0
0
0
0
0
0
0
0
0
0
0
6,480,000
0
0
0
0
0
0
0
0
0
0
0
0
0
0
0
0
0
1,620
0
0
0
0
0
0
8,790
3,520
82,600
0
0
0
38,100
0
75,400
0
0
0
0
0
0
0
0
0
0
0
0
0
0
0
0
0
0
0
0
0
0
0
0
0
0
0
0
0
0
0
0
0
0
0
0
0
0
0
1,570
0
0
52,700
0
0
0
0
0
0
0
0
0
670,000
0
0
0
0
0
0
0
28,200
265,000
0
0
0
7,500
0
0
0
270,000
0
0
0
0
0
0
0
0
6,450,000
0
0
5,740,000
0
0
0
0
0
0
0
0
0
0
0
0
0
0
0
0
0
0
0
0
0
0
0
0
0
0
0
0
0
0
0
0
0
0
0
0
0
0
0
0
0
0
0
6,320,000
0
53,500,000
1,890,000
0
0
0
0
0
0
458,000
5,280
2,250,000
0
121,000
190,000
1,170,000
1,690,000
0
0
0
0
0
0
0
0
0
0
0
0
0
0
0
0
0
0
0
0
0
0
0
0
0
0
0
0
7,270
0
0
0
0
0
0
0
0
0
0
0
0
0
0
0
0
0
986,000
0
0
4,310
0
0
0
0
0
0
0
0
0
0
0
53,700
64,100
0
0
0
0
0
0
0
0
0
0
0
292,000
0
0
0
0
0
0
0
0
0
228,000
78,500
0
7,940
27,400
0
0
380,000
0
0
885,000
0
0
0
0
0
0
0
0
0
0
0
0
0
0
0
0
0
0
0
0
0
0
0
0
126,000
0
0
51,900
0
1,170,000
0
0
0
0
1,170,000
0
0
0
0
0
0
0
0
0
0
0
0
0
0
0
0
0
0
0
0
0
0
0
0
0
0
0
0
0
0
0
0
0
0
0
0
0
0
0
0
0
0
0
0
0
0
1,360,000
1,820
3,300,000
2,380,000
590
46,200
595,000
0
0
506,000
0
159,000
86,900
0
180,000
438,000
718,000
46,100
0
141,000
14,500
4,770
0
0
0
0
0
0
0
0
0
0
0
0
0
0
0
0
0
0
0
0
0
0
0
0
0
0
0
0
0
0
0
495,000
0
0
0
0
0
0
0
0
0
0
0
0
0
0
0
0
0
0
0
0
0
0
0
0
0
0
0
0
0
0
0
0
0
0
0
0
0
158,000
0
0
57,800
0
0
0
0
0
0
0
0
0
0
0
0
0
0
0
0
0
0
0
0
0
0
0
0
0
0
0
569,000
116
0
0
0
0
0
0
0
0
0
0
0
0
6,970
0
0
0
0
0
0
0
0
0
0
0
0
0
0
0
0
0
0
0
0
0
0
0
0
0
0
0
39,200
0
0
3,170
0
0
0
0
0
0
0
0
0
0
0
0
0
0
721,000
0
0
673,000
0
0
0
0
0
0
0
0
0
0
0
0
0
0
0
0
0
0
0
0
0
0
0
0
0
203,000
440,000
1,840,000
0
0
0
0
0
0
0
0
0
0
0
0
0
0
0
0
0
0
0
0
0
0
0
0
0
0
0
812
246,000
0
0
0
0
0
0
203,000
33,100
534,000
497,000
756,000
8,440
0
0
727,000
815,000
0
0
0
0
0
0
0
0
0
0
0
0
0
0
0
0
427,000
0
0
0
0
0
0
0
0
0
0
0
0
0
0
0
0
0
0
0
0
0
0
0
0
0
0
0
0
0
0
0
0
0
0
0
0
0
0
0
0
0
0
0
0
0
0
0
0
0
0
0
0
0
0
0
0
0
0
0
0
0
0
0
0
0
0
0
0
0
0
0
0
0
0
0
0
0
0
0
0
0
0
0
366,000
0
0
0
0
0
0
0
0
0
0
0
0
0
0
0
0
0
0
0
0
0
0
0
0
0
0
0
0
0
66,700
0
0
0
0
0
0
0
0
0
0
0
0
0
0
0
0
0
0
0
0
0
0
0
0
0
0
0
0
0
0
0
0
0
0
0
0
0
0
0
0
0
0
0
0
0
0
0
0
0
0
0
0
0
0
0
0
44,400
11,200
0
0
0
0
0
0
0
0
0
0
0
0
0
0
0
0
0
0
0
584
0
0
0
0
0
0
0
0
0
0
0
0
0
0
0
0
0
0
0
0
0
587,000
0
0
0
0
0
0
0
0
7,830,000
0
102,000
0
0
0
0
0
0
0
0
0
0
0
0
0
0
0
0
0
0
0
0
0
0
0
0
0
0
0
0
0
0
0
0
0
0
0
0
0
0
0
0
0
0
0
0
0
0
0
0
0
0
0
0
0
0
0
0
0
0
0
0
0
0
0
0
0
0
46,000
26,300
0
0
0
0
0
0
0
0
0
0
0
0
0
0
0
0
0
0
0
0
0
0
0
0
0
0
11,800,000
0
0
0
0
0
0
0
0
0
0
0
706,000
787,000
138,000
644,000
0
0
0
0
0
0
0
0
0
0
0
0
0
0
0
0
0
0
0
0
0
0
0
0
0
0
0
0
0
0
0
0
0
0
0
0
0
0
0
0
0
0
0
0
0
0
0
0
0
0
60,600
0
0
0
0
0
0
0
0
0
0
0
0
0
0
0
89,500
0
180,000
0
0
0
0
459,000
0
3,120
1,380
32,100
235
0
0
0
0
0
0
0
0
0
0
0
0
0
0
0
0
0
0
0
0
0
0
0
23,800
8,230
151,000
298,000
136,000
4,300,000
0
0
0
0
0
0
0
0
0
0
0
0
0
0
0
0
0
0
2,410
45,500
9,620
98,000
40,100
10,800
0
0
0
0
0
0
42,000
0
0
0
0
0
0
0
0
0
0
0
0
0
0
0
0
0
0
0
0
0
0
0
0
0
0
0
0
0
0
0
0
0
0
0
0
0
0
29,700
0
0
0
0
0
0
0
0
0
0
0
0
0
0
0
0
0
0
0
0
0
189,000
0
0
0
0
0
0
0
3,370,000
0
0
0
0
0
18,500
0
0
80,800
0
0
0
0
0
0
0
0
0
0
0
0
0
0
0
0
0
0
0
0
0
0
0
0
0
0
0
0
0
0
0
0
0
0
0
0
0
0
0
0
0
0
0
0
0
0
0
0
0
0
0
0
0
0
0
0
0
0
0
0
0
0
58
0
0
30,600
0
0
0
0
0
0
0
0
0
0
0
0
0
0
0
0
0
5,900
66,200
5,400
3,810
16,600
0
3,390
0
0
0
0
0
0
0
0
0
0
0
0
0
0
0
0
0
0
0
0
0
0
0
0
0
0
0
0
0
0
0
0
0
0
0
0
0
0
0
0
0
0
0
0
0
0
0
0
0
0
0
0
0
812,000
0
0
8,870
188,000
0
0
0
0
853,000
0
0
0
0
0
0
0
0
0
0
0
0
0
0
0
0
0
0
0
0
0
0
0
0
0
0
0
0
0
0
0
0
0
0
0
0
0
0
0
0
0
0
0
0
0
0
0
0
0
0
0
0
0
0
0
0
0
0
0
0
0
0
1,500
0
0
0
0
0
0
0
0
680,000
0
0
0
0
0
0
0
0
0
0
0
0
0
0
0
0
0
0
0
0
0
0
0
0
0
0
0
0
0
0
0
0
0
0
0
0
0
0
981
0
0
0
0
1,190,000
0
0
0
0
0
0
0
0
0
1,730,000
5,680,000
188,000
0
0
0
0
0
0
0
0
0
0
0
0
0
0
0
0
0
0
0
0
0
0
0
0
0
0
0
0
0
0
0
0
0
0
0
0
0
0
0
0
0
0
0
223
0
0
0
0
0
0
0
0
0
0
0
0
122,000
0
0
0
0
0
0
0
0
0
0
0
0
0
0
0
0
0
0
0
0
0
0
0
0
0
0
0
0
0
0
0
0
0
0
0
0
278,000
0
0
0
0
0
0
0
0
0
0
0
4,200,000
36,200
0
0
0
0
1,920,000
1,070,000
54,600
1,370,000
0
6,510,000
3,460
0
0
5,160,000
0
0
0
0
0
0
0
0
0
0
0
0
0
0
0
0
0
0
0
0
0
0
0
0
0
0
0
0
0
0
537,000
0
493,000
44,200
786,000
0
0
0
203,000
0
0
0
0
0
0
0
0
0
0
0
0
0
0
0
0
0
0
0
0
0
0
0
0
0
0
0
0
0
0
0
0
0
0
0
0
0
0
0
0
0
0
0
0
0
0
0
0
0
0
0
0
0
0
0
0
0
34,300
0
0
1,950,000
0
645,000
0
0
351,000
38,000
136,000
0
0
3,950,000
0
0
700,000
867,000
0
147,000
0
59,700
1,840,000
63,500
218,000
362,000
0
0
0
0
390,000
0
0
0
0
0
0
0
3,460,000
987,000
0
0
0
0
0
0
0
0
173,000
0
0
0
0
0
0
0
0
0
0
0
0
0
0
0
0
0
0
27,500
0
0
0
0
0
0
0
0
0
0
0
0
89,100
0
0
0
0
236,000
0
0
0
0
0
0
0
0
0
0
0
0
0
0
0
0
0
778,000
0
0
0
0
0
0
0
0
0
0
0
0
0
0
0
0
0
0
0
0
0
0
0
0
0
0
0
0
0
0
0
0
0
0
0
0
0
0
0
0
0
0
0
0
0
0
0
0
0
0
0
0
0
0
0
0
0
0
0
0
0
0
0
0
0
0
0
0
0
0
0
0
0
0
0
0
0
0
0
0
0
0
0
0
0
0
0
0
0
0
0
0
0
0
0
0
0
0
0
0
0
0
0
0
71,300
0
0
0
0
0
0
0
0
0
0
0
0
42,700
68,500
0
240,000
416,000
0
0
0
0
0
4
0
0
0
0
0
0
0
0
0
0
0
0
0
152,000
38,500
154,000
0
0
0
0
0
0
0
0
0
0
0
0
0
0
0
0
0
0
0
0
0
0
0
0
0
0
0
0
0
0
0
0
0
0
0
0
0
0
0
0
0
1,850
0
0
0
0
0
0
0
0
0
0
0
0
0
0
0
0
0
0
0
0
0
0
0
0
0
0
0
0
0
0
0
0
0
0
0
0
0
0
0
0
0
0
0
0
0
0
0
0
0
0
0
0
0
0
179,000
0
0
0
0
41,900
583,000
0
0
128,000
0
0
0
651,000
0
167,000
0
0
0
0
0
0
0
0
0
0
0
0
0
0
0
0
0
0
0
0
0
0
0
0
0
0
0
0
0
0
0
0
0
0
0
0
0
0
44,900,000
0
0
0
0
0
0
0
0
0
0
0
0
0
0
0
1,290,000
0
0
0
0
0
0
0
0
0
0
0
0
0
0
0
0
0
0
0
0
0
0
0
0
0
0
0
0
0
0
0
0
1,600,000
0
0
0
0
0
0
0
0
0
566,000
1,030,000
0
1,440,000
541,000
683,000
454,000
0
0
0
0
0
0
0
0
0
0
0
0
0
0
0
0
0
0
0
0
0
0
0
702,000
2,540
0
0
0
0
0
0
0
0
0
0
0
0
0
0
50,600
0
0
343,000
0
0
0
0
0
0
0
0
0
0
0
1,130,000
0
0
60,700
344,000
0
0
0
0
0
0
0
0
0
0
0
0
0
0
0
0
0
0
0
126,000
0
41,700
0
0
0
0
0
0
0
0
0
0
0
0
0
0
0
564,000
0
0
0
0
0
0
0
0
0
0
0
0
5,450
0
369,000
0
0
0
0
0
9,860
0
0
0
0
0
0
0
0
0
0
0
0
0
0
0
0
0
0
0
0
0
0
0
0
0
2,720
0
0
0
0
0
0
0
0
0
0
50,000
0
81,100
0
0
0
0
0
0
0
0
0
0
18,500
0
0
0
0
0
722,000
37,600
0
0
0
0
0
0
0
0
0
0
0
0
0
0
0
0
0
0
0
0
0
0
0
0
0
0
0
0
0
0
0
0
0
0
264,000
0
0
0
0
0
0
0
0
0
0
0
0
0
0
0
0
0
0
0
0
0
0
0
921
0
0
0
0
0
0
0
0
0
303,000
0
0
0
0
0
0
0
0
0
0
0
0
0
0
0
0
0
0
0
0
0
0
0
0
0
0
0
0
0
0
0
0
0
0
0
0
0
0
0
0
0
0
0
0
0
0
0
0
0
0
0
0
0
0
0
0
0
0
0
0
0
0
0
0
0
0
0
0
0
0
0
0
0
0
0
0
0
0
2,010
0
0
0
0
0
10,500
7,700
0
0
0
0
0
0
0
0
0
0
0
0
0
0
0
0
0
0
0
0
0
0
0
0
0
0
0
0
1,800,000
0
0
0
0
0
0
0
0
0
0
0
0
0
0
0
0
0
0
0
0
0
0
0
0
0
0
0
0
0
0
1,230,000
0
0
0
42,100
0
238,000
0
0
959,000
0
125,000
0
0
0
3,910,000
0
0
0
0
0
0
0
0
0
0
0
0
0
0
0
0
0
0
0
0
0
0
0
0
0
0
0
0
0
0
887,000
0
0
0
0
0
0
0
0
0
0
0
0
0
0
0
0
0
0
0
0
0
0
0
0
0
0
0
49,800
0
0
0
0
0
0
0
0
0
0
0
0
0
0
0
0
0
0
0
0
0
0
0
0
0
0
0
0
0
0
0
0
0
0
0
0
0
0
0
0
0
0
0
0
0
0
0
0
0
2,830
0
173,000
0
0
0
0
5,180
7,680
26,300
33,200
0
0
0
0
0
0
0
0
0
0
0
0
0
0
0
0
0
0
0
0
0
0
0
0
0
0
0
0
0
0
0
0
79,700
0
0
0
0
0
0
0
28,400,000
273,000
0
0
0
0
0
0
0
0
0
0
0
0
0
0
0
0
0
0
0
0
0
0
0
0
0
0
0
0
0
0
0
0
0
0
0
0
0
0
0
0
0
0
0
349,000
1,300,000
527,000
270,000
4,070,000
0
0
0
0
0
0
0
0
0
0
0
0
0
0
0
0
0
0
0
0
0
0
0
0
0
0
0
0
0
0
0
0
0
0
0
0
0
0
0
0
0
0
0
1,740,000
336,000
259,000
0
0
1,540,000
865,000
0
0
0
0
50,600
0
1,040,000
0
1,610,000
942,000
0
0
0
1,400,000
0
0
0
0
0
0
0
0
0
0
0
0
0
0
0
0
0
0
0
0
0
0
0
0
0
0
0
0
0
0
0
0
0
0
0
0
0
0
0
769,000
0
0
0
651,000
0
0
0
0
81,100
0
0
0
0
0
0
0
0
0
0
0
0
0
0
0
0
0
0
0
0
0
0
0
0
0
0
0
0
0
0
0
0
0
0
0
0
0
0
0
0
0
0
0
24,100
141,000
7,580
0
0
0
0
0
0
0
0
0
55,200
0
0
0
0
0
34,400
3,130
26,100
75,900
0
0
0
449
0
0
0
0
0
0
0
0
0
0
0
0
0
0
0
0
0
0
0
64,400
0
10,700
0
0
0
0
0
0
0
0
0
0
0
0
0
0
0
0
2,640,000
0
0
0
0
0
0
0
0
0
0
0
0
0
0
0
0
0
0
0
0
0
0
0
0
0
0
0
0
0
0
0
0
0
0
0
0
0
0
0
0
0
0
0
0
0
0
0
0
0
0
0
0
0
0
0
0
0
0
0
0
0
0
0
0
0
0
0
0
0
0
0
0
0
0
0
0
0
0
0
0
0
0
0
0
0
0
0
0
0
0
0
0
0
0
0
0
0
0
0
0
0
0
0
0
0
0
0
0
0
0
0
0
0
0
0
0
0
0
0
0
0
0
0
0
0
0
0
0
0
0
0
0
0
0
0
0
0
0
0
0
0
0
0
0
0
0
0
0
0
0
0
0
0
0
0
0
0
0
0
0
0
0
0
0
0
0
0
0
0
0
0
0
0
53,900
0
0
0
0
0
0
0
0
0
0
0
0
0
0
0
653,000
0
0
0
0
0
0
0
0
0
0
0
0
0
0
0
0
0
0
0
2,760
0
0
0
0
220,000
0
101,000
110,000
0
0
0
0
0
0
0
0
0
0
689
0
0
0
0
0
0
0
0
0
0
363,000
274,000
375,000
227,000
291,000
754,000
0
777,000
0
0
0
0
0
0
0
0
0
0
0
0
0
0
0
0
0
0
0
0
0
0
0
96,200
0
701
0
0
0
0
0
0
0
0
0
0
0
0
0
0
0
0
0
0
0
0
0
0
0
0
0
0
0
0
0
0
0
0
0
0
0
0
0
0
0
0
0
0
0
0
0
0
0
0
0
0
0
0
0
0
0
61,300
45,400
0
0
0
0
0
0
0
0
0
0
0
1,040,000
0
0
0
0
0
0
0
0
0
0
0
0
0
0
0
0
0
0
0
43,600
0
0
0
0
0
0
0
0
0
0
0
0
0
0
0
0
148,000
0
0
0
0
0
0
0
0
0
0
0
0
0
0
0
0
0
0
0
0
0
0
0
0
0
0
0
0
0
0
0
0
0
0
0
0
0
0
0
0
0
0
0
0
0
0
0
0
0
0
0
0
0
0
0
81,100
0
0
0
0
0
0
0
0
0
0
0
0
688,000
0
0
0
0
0
0
0
0
0
0
0
80,000
0
0
0
0
0
1,380,000
403,000
166,000
414,000
39,800
0
0
0
0
0
0
0
0
0
0
0
0
0
0
0
0
0
0
0
0
0
0
0
0
0
0
764,000
0
262,000
0
264,000
564,000
0
0
0
0
0
0
0
0
0
0
0
0
69,200
0
0
1,540,000
18,700
14,100
0
0
0
67,600
0
0
612,000
10,900,000
523,000
9,520
0
0
0
0
0
0
115,000
0
96,100
0
218,000
0
0
0
0
0
0
0
0
0
0
0
0
0
0
0
0
0
0
0
0
0
0
0
0
0
0
0
0
0
0
0
7,630
0
3,960
50,300
0
0
0
12,100
0
0
0
0
0
0
0
0
0
0
0
0
0
0
0
0
0
0
0
0
0
0
0
0
0
0
0
0
0
0
0
0
0
42,900
0
0
0
0
3,620
0
0
49,400
15,900
0
4,340
0
0
0
12,000
3,400
0
0
0
0
519
0
0
0
0
0
0
0
0
0
0
0
0
43,100
0
0
0
0
0
0
0
0
0
0
0
0
0
0
0
0
0
0
0
0
0
0
0
0
0
0
0
0
376,000
0
0
0
0
476,000
0
34,400
0
0
0
0
0
0
0
0
0
0
0
0
0
0
0
0
0
0
0
0
0
0
382,000
0
0
0
0
0
0
0
0
0
0
20,800
0
0
0
810,000
0
0
0
0
0
0
0
0
0
125,000
0
0
0
180,000
0
0
0
70,600
0
0
0
0
0
0
0
0
0
0
0
0
0
0
0
0
0
213,000
0
476,000
0
0
0
0
0
0
0
0
0
0
0
214,000
0
0
0
0
0
0
0
0
0
0
0
0
0
13,100
564,000
0
8,170
28,100,000
15,500
74,400
1,240,000
183,000
397,000
0
0
0
0
0
0
0
0
0
0
0
0
0
0
0
0
53,600
0
0
0
0
0
36,800
10,900
0
112,000
0
1,510
1,040
0
0
0
0
0
0
0
0
0
0
0
0
0
0
0
0
0
0
0
0
0
0
0
0
0
0
0
0
0
0
0
0
0
20,400
0
0
0
0
0
689,000
0
0
95,400
82,200
0
0
0
0
0
191,000
0
0
0
0
0
0
0
0
0
0
0
0
0
0
0
0
0
0
0
0
0
0
0
0
0
0
0
0
0
0
0
0
0
0
0
0
69,100
9,400
1,970
51,100
0
0
0
0
0
0
0
15,200
15,300
221,000
0
0
0
0
0
0
32,400
9,500
0
0
0
0
0
0
0
0
0
0
0
0
0
0
0
8,850
0
0
0
0
154,000
40,300
0
0
0
0
0
0
0
2,710
0
0
0
63,000
0
0
451,000
0
0
0
0
0
0
857,000
0
0
0
0
0
11,200
0
22,700
0
0
177,000
402,000
315,000
0
0
0
0
0
0
0
0
0
751,000
0
0
0
0
0
43,200
0
0
0
0
0
0
0
0
0
0
19,700
0
5,020
0
0
0
0
0
0
36,000
26,500
101,000
0
0
0
0
0
0
277
33,300
7,300
11,200
0
93,200
0
0
0
0
0
0
0
0
0
0
0
0
23,800
1,610,000
0
0
0
0
0
0
0
0
0
0
0
0
0
0
0
0
0
0
0
0
0
0
0
0
0
0
184,000
0
0
0
0
0
0
0
0
0
0
0
0
0
0
0
0
0
0
0
0
0
0
0
0
0
0
0
0
0
0
0
0
0
0
0
0
0
0
0
0
0
0
0
0
0
0
0
0
0
0
0
0
0
0
0
0
0
0
0
0
0
0
0
0
0
0
0
0
0
0
0
0
0
0
0
0
0
0
0
0
0
0
0
0
0
0
0
0
0
0
0
0
0
0
0
0
0
0
0
0
0
0
0
0
0
0
0
0
0
0
0
0
0
0
0
0
0
0
0
0
0
0
0
0
0
0
0
0
0
0
0
0
0
0
0
0
0
0
0
0
0
0
0
0
0
0
0
0
0
0
0
0
0
0
0
0
0
0
0
0
0
0
0
0
0
0
0
0
0
0
0
0
0
0
0
0
0
20,700
0
0
0
0
0
0
0
0
0
0
0
0
0
0
0
0
0
0
0
0
0
0
0
0
0
0
0
0
0
0
0
0
0
0
0
0
0
0
0
0
0
0
0
0
0
0
0
0
0
0
0
0
0
0
0
0
0
0
0
0
0
0
0
0
0
0
0
0
0
0
0
0
0
0
0
0
0
0
0
0
0
0
0
0
0
0
0
0
0
0
0
0
0
29,100
0
0
0
0
0
0
0
0
0
0
0
0
0
0
0
0
0
0
0
22,800
0
0
0
0
59
0
0
0
0
0
0
0
0
0
0
0
0
0
0
0
0
0
0
9,540
0
0
27,200
1,320
3,420
0
0
0
0
0
0
0
0
0
0
0
0
0
0
0
0
0
0
0
0
0
0
0
0
0
0
0
0
0
0
0
0
0
0
1,580,000
0
0
0
0
0
0
0
0
0
0
0
0
0
0
0
0
0
0
0
0
0
0
0
0
0
0
0
0
0
0
0
0
0
0
563
0
0
13,500
0
0
0
52,100
0
0
79,900
0
22,600
3,100
0
0
0
0
0
0
0
0
0
0
0
0
0
0
0
0
0
0
0
0
0
0
0
0
0
0
0
0
0
0
0
0
0
0
0
0
0
0
0
0
0
0
0
0
0
0
0
0
0
0
0
0
0
0
0
0
0
0
0
0
0
0
0
0
0
0
0
0
0
0
0
0
0
0
0
0
0
0
0
0
0
0
0
0
0
0
0
0
0
0
0
0
0
0
0
0
0
0
0
0
0
0
0
0
0
0
0
0
0
0
0
0
0
0
0
0
0
0
0
0
0
0
0
0
0
0
0
0
0
0
0
0
0
0
0
0
0
0
0
0
0
18,800
0
0
0
0
0
0
0
0
0
0
0
0
0
0
0
0
0
0
0
0
0
0
0
0
0
1,130
0
0
0
0
0
0
0
0
0
0
0
0
544
0
0
0
0
0
0
0
0
0
0
0
0
0
0
82,400
0
0
0
0
0
0
0
0
0
0
0
0
0
0
0
0
0
0
0
0
0
0
0
0
0
0
0
0
0
0
0
0
0
0
0
0
0
0
480,000
0
0
0
0
0
0
0
0
0
0
0
0
0
0
0
0
0
0
2,750,000
119,000
238,000
0
299,000
285,000
26,700
0
0
0
7,110
910,000
0
414,000
0
0
0
0
0
0
723,000
0
0
0
0
0
19,500
5,630,000
773,000
0
0
54,900
0
0
0
300,000
0
0
0
0
0
0
0
0
0
0
0
0
0
0
0
0
0
0
0
0
0
0
0
0
0
0
277,000
0
0
0
0
0
0
0
0
0
0
0
0
0
0
0
0
0
0
0
0
0
0
0
0
0
0
0
0
0
0
0
0
0
0
0
0
0
0
0
0
0
0
0
0
0
0
0
0
0
0
0
0
0
0
0
0
0
0
0
0
0
0
0
0
0
0
0
0
0
0
0
0
0
0
0
0
0
0
0
0
0
0
28,600
856,000
450,000
0
0
368,000
50,800
349,000
995,000
598,000
2,630,000
0
0
0
302,000
0
0
0
0
0
0
0
0
0
0
0
0
0
0
0
0
0
0
0
0
0
0
0
0
0
0
0
0
0
0
0
0
0
0
0
0
0
0
0
0
0
0
0
0
0
0
0
0
0
0
0
0
0
0
0
0
0
0
0
0
0
0
0
0
0
0
0
0
0
0
0
0
0
0
0
0
0
0
0
0
0
0
43,400
0
0
0
0
0
0
0
0
0
0
0
2,180,000
0
0
0
0
0
536,000
148,000
233,000
0
0
0
808,000
0
0
0
0
9,400
434,000
0
1,730,000
382,000
0
0
0
0
0
0
0
0
0
1,650,000
0
7,800,000
0
0
96,300
0
98,500
1,280,000
313,000
449,000
0
1,500,000
143,000
0
0
0
0
1,700,000
0
0
0
2,710,000
0
0
0
0
0
642,000
1,950,000
0
0
0
3,590,000
0
0
0
0
0
0
0
0
0
0
0
0
0
0
0
0
0
0
0
0
0
0
0
0
0
0
0
0
0
0
0
0
0
0
0
0
0
0
0
0
0
0
0
0
0
0
0
0
0
0
0
0
0
0
0
0
0
0
0
0
0
0
0
0
0
0
0
0
0
0
0
0
0
0
0
0
0
0
4,210,000
0
30,300
17,800
0
0
0
0
0
0
0
0
0
0
0
0
0
0
0
0
0
0
0
0
0
0
0
0
0
0
0
0
0
0
0
0
0
0
0
0
0
0
0
0
0
0
0
0
0
0
0
0
0
0
0
0
0
0
0
0
0
0
0
0
0
0
0
95,700
0
0
0
0
0
0
0
0
0
0
0
0
0
0
0
0
0
0
0
0
0
0
0
0
0
0
0
0
0
0
0
0
0
0
0
0
0
0
0
0
0
0
0
0
0
0
0
0
0
0
0
0
0
0
0
0
0
0
0
0
0
0
0
2,860
0
0
0
0
2,700,000
0
0
0
0
0
0
0
0
0
0
0
0
0
0
0
0
0
0
0
0
0
0
0
585,000
514,000
0
0
0
0
0
0
3,170
0
0
0
29,200
503,000
0
0
0
0
0
0
0
0
0
0
0
0
0
29,600
0
0
0
0
0
0
0
0
0
1,360
0
0
0
0
0
0
0
0
0
0
0
1,700
0
0
0
205,000
0
1,370,000
30,900
0
266,000
0
0
0
0
0
0
0
0
0
0
0
0
0
0
0
0
0
0
210
0
0
0
0
0
0
0
0
0
0
0
0
0
0
0
54,600
130,000
323,000
0
0
0
0
0
0
0
0
0
1,430,000
0
0
0
0
0
0
0
0
0
0
0
7,480
2,900
487,000
0
0
0
0
0
0
0
0
0
0
0
0
0
0
0
0
0
65,800
18,300
2,060,000
0
0
46,800
0
0
0
0
0
0
0
0
0
0
0
29,200
0
0
0
0
0
0
0
147
0
0
0
0
0
0
0
0
0
0
0
0
0
0
0
0
0
0
0
0
0
0
0
0
0
0
0
0
0
0
0
0
0
0
0
0
0
0
0
0
0
0
0
0
0
0
0
0
0
0
0
0
0
0
0
0
0
0
0
0
0
0
0
0
0
0
4,830
0
0
0
0
0
0
0
0
0
0
0
0
0
0
0
0
0
0
0
0
0
0
0
0
0
0
0
0
0
0
0
0
0
0
0
0
0
0
0
0
0
0
0
0
0
0
0
0
0
0
0
0
0
0
0
0
0
0
0
0
0
0
356,000
0
0
0
0
0
0
0
0
0
0
0
0
0
0
0
0
0
0
0
0
0
0
0
0
0
0
0
0
0
4,120,000
0
0
0
0
0
0
0
0
0
0
0
0
0
0
0
0
0
0
0
181,000
112,000
0
0
0
0
0
0
0
0
0
0
0
0
0
0
0
0
0
0
0
0
0
0
0
0
0
0
0
0
0
0
0
0
0
0
0
0
0
0
0
0
0
0
0
0
0
0
0
0
0
0
0
0
0
0
0
0
0
0
0
0
0
0
0
0
0
0
0
0
0
0
0
0
0
0
0
0
0
0
0
0
0
0
0
0
0
0
0
0
0
0
0
0
0
0
0
0
0
0
0
0
0
0
0
0
0
0
0
0
0
0
0
0
0
0
0
0
0
0
0
55,100
0
0
0
0
0
0
0
0
0
0
0
0
0
322,000
0
0
0
0
0
0
0
0
0
0
0
0
0
0
0
0
0
0
0
0
0
0
0
0
0
0
1,750
0
0
0
0
0
0
14,300
0
0
44,300
0
0
13,400
0
0
0
0
0
0
0
0
0
0
0
0
0
0
0
0
0
0
0
0
0
0
0
0
0
0
0
0
0
0
0
0
0
0
0
0
0
0
0
0
0
0
0
0
0
0
0
0
0
0
0
0
0
0
0
0
0
0
467
0
0
0
0
0
0
0
0
0
0
0
0
0
119,000
0
0
0
0
0
0
0
0
0
0
0
0
0
0
0
0
0
0
0
0
0
0
0
0
0
0
0
0
0
0
0
0
0
0
0
0
0
0
0
0
0
0
0
0
0
0
0
0
0
0
0
0
0
0
0
0
0
0
0
0
0
0
0
0
0
0
0
0
0
0
0
0
0
0
0
0
0
0
0
0
0
0
0
0
0
0
0
0
0
0
0
0
0
0
0
0
0
0
0
0
0
0
0
0
0
0
0
0
0
0
0
0
0
0
0
0
0
0
0
0
0
0
0
0
0
0
0
0
0
0
0
0
0
0
0
0
0
0
0
0
0
0
0
0
0
0
0
0
0
0
0
0
664
6,480
0
0
20,000
0
0
0
0
0
0
0
0
0
0
0
0
0
0
0
0
0
0
0
0
0
0
0
0
0
0
0
0
0
0
0
0
0
0
0
0
0
0
740,000
0
0
0
0
0
0
0
33,000
0
0
0
0
0
0
0
0
0
0
0
0
0
0
0
0
0
0
0
0
0
0
0
0
0
0
0
0
0
0
0
0
0
0
0
0
0
0
0
0
0
0
0
0
0
0
0
0
0
0
0
0
0
0
0
0
0
15,400
0
0
6,790
718,000
0
0
0
0
0
0
0
0
0
0
0
45,500
0
0
0
0
0
20,500
0
0
0
0
0
0
0
0
0
0
0
0
0
136,000
0
0
0
0
0
1,940,000
0
0
26,000
0
1,610,000
1,740,000
0
10,100,000
0
0
0
0
193,000
10,400,000
0
0
0
0
0
0
0
0
0
0
0
0
0
0
0
0
0
0
0
0
0
0
0
0
0
0
0
0
0
0
0
0
0
0
0
0
0
0
0
52,000,000
2,770,000
18,200,000
165,000
0
0
0
0
0
0
0
0
0
0
0
0
0
0
0
0
0
0
0
0
0
0
0
0
0
0
0
0
0
0
0
0
0
0
0
0
0
0
0
0
130,000
0
0
0
0
0
1,960,000
600,000
2,110,000
1,880,000
1,190,000
0
0
3,050,000
539,000
2,030,000
2,120,000
0
0
0
0
0
0
0
194,000
0
0
0
240,000
0
226,000
4,770,000
2,820,000
1,400,000
0
8,710,000
17,600,000
0
0
0
0
0
0
0
0
4,940,000
13,400,000
9,670,000
0
0
0
0
0
0
0
0
0
0
0
0
0
0
0
0
0
0
0
0
0
0
0
0
0
0
0
0
0
0
0
0
0
0
0
0
0
0
0
0
0
0
0
0
0
0
0
0
0
0
0
0
27,600
0
0
0
515,000
0
0
408,000
0
0
0
1,110,000
0
0
0
0
0
0
0
0
0
0
0
0
0
0
0
0
0
0
0
0
0
0
0
0
0
0
0
0
0
0
0
0
0
0
15,800
4,660,000
0
0
0
0
0
0
0
0
0
0
0
0
0
0
0
0
0
0
0
0
0
0
0
0
0
0
0
1,460,000
0
744,000
0
0
18,500
0
205,000
177,000
0
0
0
0
0
0
658,000
782,000
655,000
0
0
1,910,000
176,000
0
0
0
422,000
808,000
0
0
0
0
0
0
0
0
570,000
0
0
0
0
0
0
0
0
0
0
0
110,000
0
0
0
0
0
120,000
0
0
0
0
0
0
0
0
0
0
1,030,000
0
0
0
0
0
0
0
0
0
0
0
0
0
0
0
0
0
0
0
0
0
1,470,000
0
0
0
0
0
0
0
0
0
11,500
0
0
0
0
27,800
0
0
98
0
20,600
0
0
0
0
0
0
0
0
0
0
0
0
0
0
0
0
0
0
0
0
0
0
60,700
0
0
0
0
0
0
0
0
0
0
0
0
0
0
0
0
0
0
0
0
0
0
0
0
0
0
0
0
0
0
0
0
0
0
0
0
0
0
0
0
0
0
0
0
0
0
0
0
0
0
0
0
0
0
0
0
0
0
0
0
0
0
665
201,000
363,000
0
64,100
0
1,080,000
0
0
240,000
142,000
0
0
0
0
0
0
0
0
0
0
0
0
0
0
0
473,000
0
13,000
0
0
0
0
0
0
0
0
0
0
0
0
0
0
0
0
0
0
52,700
85,500
0
594,000
24,100
23,600
134,000
28,500
1,890,000
378,000
0
0
0
81,200
0
0
0
0
0
0
0
0
0
0
0
392,000
0
0
0
0
0
2,020,000
0
0
0
0
0
0
0
128,000
0
640,000
0
0
0
0
0
0
0
0
0
0
0
92,200
78,100
0
0
15,100
0
0
0
0
0
0
0
0
0
0
0
0
0
0
0
0
0
99,000
0
0
0
0
0
0
0
0
0
0
0
0
0
0
0
0
0
0
0
0
0
0
0
0
0
0
0
0
0
0
0
0
0
0
0
0
0
0
0
0
0
0
0
0
0
0
0
0
0
0
0
0
0
0
0
0
0
1,520,000
0
98,900
0
0
0
0
0
0
0
0
0
0
308,000
0
0
0
0
0
0
0
0
0
0
0
0
0
0
0
0
0
0
0
0
0
0
0
0
0
0
0
0
0
0
0
0
0
0
0
0
0
0
0
0
0
0
0
0
0
0
0
0
0
0
0
0
0
0
0
0
0
0
0
0
0
0
0
0
0
0
0
0
0
0
0
0
0
0
0
0
0
0
0
0
0
0
0
0
0
0
0
0
0
0
0
0
0
0
0
0
0
0
0
0
0
0
0
0
0
0
0
55,200
5,370
0
0
0
0
0
0
0
0
0
0
0
0
0
0
0
0
0
0
0
0
0
0
0
0
0
0
0
0
0
0
0
0
0
0
0
0
0
0
0
0
0
0
0
0
0
0
0
0
0
0
0
0
0
0
0
6,990
0
493
11,100
0
0
0
0
0
0
0
0
0
0
0
0
0
0
0
0
0
0
12,900
0
0
0
386,000
39,700
14,200
0
29,800
0
0
0
1,430
1,480
0
0
0
0
0
0
113,000
176,000
42,200
0
0
0
0
0
0
0
0
0
0
0
0
0
0
0
0
0
0
0
0
0
0
0
0
0
0
0
0
0
0
0
0
0
0
0
0
0
0
0
0
0
0
0
0
0
0
0
0
0
0
0
0
0
0
0
482
0
0
0
0
0
0
11,400
33,700
0
0
0
0
0
0
0
0
0
0
0
0
0
0
0
0
0
0
0
0
0
0
0
0
0
0
0
0
0
0
0
0
0
344,000
0
0
0
0
0
0
0
0
0
0
5,590
0
0
0
0
33,300
0
0
0
0
0
0
0
0
0
0
0
0
0
0
0
0
0
0
0
0
0
0
0
0
0
0
0
0
0
0
0
0
0
0
0
0
0
0
0
0
0
0
0
0
0
0
0
0
0
0
0
0
0
0
0
0
0
0
0
0
0
0
0
0
0
0
0
0
0
0
0
0
0
0
0
0
0
0
0
0
0
0
0
0
0
0
0
0
0
0
0
0
0
0
0
0
0
0
0
0
0
0
0
0
0
0
0
0
0
0
0
0
0
0
0
0
0
0
0
0
0
0
0
0
0
0
0
0
0
0
0
0
51,300
0
0
0
0
0
0
0
0
0
0
0
0
0
0
0
0
0
0
0
0
0
0
0
0
0
0
0
0
0
0
0
0
0
0
0
0
0
0
0
0
0
0
0
0
0
0
0
0
0
0
0
0
0
0
0
0
0
0
0
0
0
0
0
0
0
0
0
0
0
0
0
0
0
0
0
0
0
0
0
0
0
0
0
0
0
0
0
0
0
0
0
0
0
0
0
0
0
0
0
0
0
0
0
0
0
0
0
0
0
0
0
0
0
0
0
0
0
0
0
0
0
0
0
0
0
0
0
0
0
0
0
0
0
0
0
0
0
0
0
0
0
0
0
0
0
0
0
0
0
0
0
0
0
0
0
0
0
0
0
0
0
0
0
0
0
166,000
0
43,100
33,400
0
0
0
0
0
0
0
334,000
0
0
0
0
0
0
0
98,600
629,000
0
0
0
0
339,000
0
83,900
0
0
0
0
0
0
0
0
0
0
0
0
0
0
0
0
0
90,200
0
0
0
743
0
0
0
0
0
0
0
0
0
0
0
0
0
0
0
0
0
0
0
0
0
0
0
0
0
0
0
0
0
0
0
0
0
0
0
0
0
0
0
12,500
0
0
0
311,000
0
0
0
0
0
0
0
0
0
0
0
0
0
0
1,220,000
481,000
0
0
0
493,000
0
0
0
0
0
0
0
0
0
0
0
0
0
0
0
0
0
0
0
0
0
0
0
0
0
0
0
0
0
0
0
0
33,200,000
0
1,230,000
0
0
0
0
0
0
0
0
0
0
0
0
0
0
0
0
0
0
0
0
0
0
0
0
0
0
0
0
0
0
0
0
0
0
0
0
0
0
0
0
0
0
0
0
0
0
0
0
0
0
0
0
0
0
0
0
0
0
0
0
0
0
0
0
0
0
0
0
0
0
0
0
0
0
0
0
0
0
0
512
0
0
0
0
0
0
0
0
0
0
0
0
0
0
0
0
0
0
0
0
0
0
0
0
0
0
0
0
0
0
0
0
0
0
0
0
0
0
0
0
0
0
0
0
0
0
0
0
0
0
0
0
0
0
0
0
0
0
0
21,000
7,190
0
0
0
0
0
0
0
0
61,600
0
0
0
0
0
0
0
0
0
0
0
0
0
0
0
0
0
0
0
0
0
0
0
0
0
12,300
0
984,000
70
29,500
18,600
0
0
0
0
0
0
0
0
0
0
0
0
0
0
0
0
0
0
0
0
0
0
0
0
0
0
0
0
0
0
0
0
0
0
0
0
0
0
0
0
0
0
0
0
0
0
0
0
0
0
0
339,000
0
0
309
0
0
0
0
0
0
0
0
0
0
0
0
0
0
0
0
66,900
34,900
0
0
0
0
0
0
0
0
0
0
0
0
0
0
0
0
0
0
0
0
142,000
0
0
0
0
0
0
0
0
0
0
0
0
0
0
0
0
13,100
0
0
0
0
0
0
3,660
121,000
0
0
0
0
0
0
5,680
0
0
0
0
25
0
0
0
0
0
0
0
0
0
0
0
0
0
0
0
0
0
0
0
0
0
0
0
0
0
0
0
0
0
0
0
0
0
0
0
0
0
64,800
0
0
0
0
0
0
0
0
0
0
0
0
0
0
0
0
0
0
0
0
0
0
0
0
0
0
0
0
0
0
0
0
0
0
0
0
0
0
0
0
0
0
0
0
0
0
0
0
0
0
0
0
0
0
0
0
0
0
0
0
0
0
0
0
0
0
0
0
0
0
5,710
0
0
0
0
0
0
0
0
0
0
0
0
0
190,000
0
0
0
0
0
0
0
0
0
0
0
0
0
0
0
0
0
0
0
0
0
0
0
0
96,300
0
0
0
0
0
0
33,100
489,000
0
0
0
0
203,000
10,100
0
0
0
0
0
0
0
0
0
0
0
0
0
0
0
0
0
0
0
0
0
0
0
0
64,300
204,000
413,000
0
0
0
0
0
0
0
0
0
0
0
0
0
0
0
0
0
0
0
0
0
0
0
0
0
1,870
112,000
22,900
1,140,000
2,950
71,100
25,700
0
11,900
77,100
10,600
48,800
0
0
0
0
69,200
104,000
0
0
0
0
0
0
0
0
0
0
0
0
0
0
0
0
0
0
0
22,400
0
0
0
0
0
0
0
0
0
0
0
0
0
0
0
0
0
447,000
0
0
0
0
0
0
0
537,000
1,220,000
119,000
18,900
0
0
0
0
0
0
0
0
0
240,000
0
0
0
0
190,000
303,000
1,270,000
1,260,000
0
381,000
0
0
0
0
0
0
0
0
21,400
0
0
0
0
0
0
0
0
0
0
0
0
0
0
0
0
0
0
0
0
0
0
0
0
0
0
0
0
0
0
0
0
0
0
0
0
0
0
0
484
0
0
0
0
0
0
0
0
0
0
0
0
0
7,130
0
0
0
0
0
0
0
0
0
0
0
0
0
0
0
0
0
0
0
0
0
0
0
0
0
0
0
0
0
0
0
0
0
0
0
0
0
0
0
0
0
0
0
0
0
0
0
0
0
0
0
0
0
0
0
0
0
0
0
0
0
0
0
0
0
0
0
0
0
0
0
0
0
0
0
0
0
0
0
0
0
0
0
0
0
0
0
0
0
0
0
0
0
0
0
0
0
0
0
0
0
0
0
0
0
0
0
0
0
0
0
0
0
0
0
0
0
0
0
0
0
0
0
0
0
0
0
0
0
0
0
0
0
0
0
0
0
0
0
0
0
0
0
0
0
0
0
0
0
0
0
0
0
0
0
0
0
0
0
0
0
0
0
0
0
0
0
0
0
0
0
0
0
0
0
0
0
0
0
0
0
0
0
0
0
0
0
0
0
0
0
0
0
0
0
0
0
0
0
0
0
0
0
0
0
0
0
0
0
0
0
0
0
0
0
0
0
0
0
0
0
0
0
0
0
0
0
0
0
0
0
0
0
0
0
0
0
0
0
0
0
0
0
0
0
0
0
0
0
0
0
0
0
0
0
0
0
0
0
0
0
0
0
0
0
0
0
0
0
0
0
0
0
0
0
0
0
0
0
0
0
0
0
0
0
0
0
0
0
0
0
0
0
0
0
0
0
0
0
0
0
0
0
0
0
0
0
0
0
0
0
0
0
0
0
0
0
0
0
0
0
0
0
0
0
0
0
0
0
0
0
0
0
0
0
0
0
0
0
0
0
0
0
0
0
0
0
0
0
0
0
0
0
0
0
0
0
0
0
0
0
0
0
0
0
0
0
0
0
0
0
0
0
0
0
0
0
0
0
0
0
0
0
0
0
0
0
0
0
0
0
0
0
0
0
0
0
0
0
0
0
0
0
0
0
0
0
0
0
0
0
0
0
0
0
0
0
0
0
0
0
0
0
0
0
0
0
0
0
0
0
0
0
0
0
0
0
0
0
0
0
0
0
0
0
0
0
0
0
0
0
0
0
0
0
0
0
0
0
0
0
0
0
0
0
0
0
0
0
0
0
0
0
0
0
0
0
0
0
0
0
0
0
0
0
0
0
0
0
0
0
0
0
0
0
0
0
0
0
0
0
0
0
0
0
0
0
0
0
0
0
0
0
0
0
0
0
30,400
29,600
0
0
0
0
0
0
0
0
0
0
0
0
637
0
0
0
0
0
0
227,000
0
0
0
2,480,000
0
0
0
0
0
874,000
608,000
0
0
0
0
0
0
0
0
0
0
0
0
0
0
0
0
0
0
0
0
0
0
0
0
0
0
0
0
49,600
26,900
0
0
0
0
0
0
0
0
0
0
0
0
0
0
0
0
0
0
0
0
2,940
0
0
0
0
0
0
0
0
0
0
0
0
0
0
0
0
0
0
0
0
0
0
0
0
0
0
0
0
0
0
0
0
0
0
0
0
0
0
0
0
0
0
0
0
0
0
0
0
0
0
0
0
0
0
0
0
0
0
0
0
0
0
0
0
0
0
0
0
0
0
0
0
0
0
0
0
0
0
0
0
0
0
0
0
0
0
0
0
0
0
0
0
0
0
0
0
0
0
0
0
0
0
0
0
0
0
0
0
0
0
0
0
0
0
0
0
0
0
0
0
0
0
0
0
0
0
0
0
0
0
0
0
0
0
0
0
0
0
0
0
0
0
0
0
0
0
0
0
0
0
0
0
0
0
0
0
0
0
0
0
0
0
0
0
0
0
0
0
0
0
0
67,700
0
0
0
0
0
0
0
0
0
0
0
0
0
0
0
0
0
0
0
0
0
0
0
0
0
0
0
0
0
0
0
0
0
0
0
0
0
0
0
0
0
0
0
0
0
0
0
0
0
0
0
0
0
0
0
0
0
0
0
0
0
0
0
0
0
0
0
0
0
0
0
0
0
0
0
0
0
0
0
0
0
0
0
0
0
0
0
0
0
0
0
0
0
0
0
0
0
0
0
0
0
0
0
0
0
0
0
0
0
0
0
0
0
0
0
0
0
0
0
0
0
0
0
0
0
0
0
0
0
0
0
0
0
0
0
0
0
0
0
0
0
0
0
0
0
0
0
0
0
0
0
0
0
0
0
0
118,000
0
0
0
0
0
0
0
0
0
0
0
0
0
0
0
0
0
0
0
13,300
0
0
0
0
0
0
57,500
0
0
0
0
0
0
0
0
0
111,000
0
0
0
0
0
0
0
0
0
0
0
0
0
0
0
0
0
0
0
0
0
0
0
310,000
0
0
0
0
0
0
0
0
0
0
0
0
0
0
0
0
0
0
0
0
0
0
0
0
0
0
0
0
0
4,600
0
0
0
0
0
0
0
0
0
3,890,000
0
0
0
0
0
0
0
0
0
757
8,400
0
0
0
0
0
0
0
0
0
0
0
0
0
0
0
0
237,000
1,270,000
66,200
0
0
0
0
0
0
0
0
0
0
0
0
0
0
0
0
0
0
0
0
0
0
0
0
102
0
0
0
0
0
0
0
0
0
0
0
0
0
0
0
0
0
0
0
0
0
0
0
0
0
0
0
277,000
0
0
0
0
0
0
0
0
0
0
0
0
0
0
3,110
0
0
0
0
0
0
0
0
0
0
0
0
0
0
0
0
0
0
0
0
0
0
0
0
0
0
8,760,000
409,000,000
0
0
0
0
0
0
0
0
0
0
0
0
0
0
0
0
0
0
0
0
0
0
0
0
0
0
0
0
0
0
0
0
0
0
0
0
0
0
0
0
0
0
3,430
0
0
0
0
0
0
0
0
0
0
0
0
0
0
0
0
0
0
0
0
0
0
0
99,800
0
0
0
0
0
0
0
4,990,000
63,200
128,000
0
0
0
4,260,000
0
0
0
0
0
0
0
0
0
0
0
0
0
0
0
45,800
0
0
0
0
0
0
0
2,250,000
0
13,900,000
905,000
41,800,000
0
0
0
0
0
0
0
0
0
0
0
0
0
0
0
0
0
0
0
0
0
0
0
0
0
0
0
0
0
0
0
0
0
0
0
0
0
0
0
0
0
0
0
0
0
0
0
0
0
0
0
0
0
0
0
0
0
0
0
0
0
0
0
0
0
0
0
0
0
0
0
0
0
0
0
0
0
0
0
0
0
0
0
0
0
0
0
0
0
0
0
0
0
0
0
0
0
0
0
0
0
0
0
0
0
0
0
0
0
0
0
0
0
0
0
0
0
0
0
0
0
0
0
0
11,100
0
0
0
0
0
0
0
418,000
0
0
0
0
0
45,400
11,300
0
0
8,920
0
0
0
0
17,500
0
0
0
0
0
0
0
43
0
0
0
0
0
0
0
0
0
0
0
0
0
0
0
0
0
0
134,000
0
200,000
53,800
0
0
0
0
0
0
0
0
0
0
0
0
0
0
1,560,000
32,600
0
0
0
0
0
0
0
0
0
0
800
0
0
0
17,300
4,310
0
0
0
0
0
0
0
0
0
0
0
0
0
0
0
0
0
0
0
0
0
0
0
0
0
0
0
0
0
0
0
0
0
0
0
0
0
0
0
0
0
0
0
0
0
0
0
0
0
0
0
0
0
0
0
0
0
0
0
0
0
107,000
0
0
0
0
0
120,000
0
0
3,910,000
0
0
0
0
0
0
0
0
0
0
0
0
0
0
336,000
0
35,800
0
0
0
0
0
0
0
0
0
0
0
85,700
0
0
0
0
0
0
0
0
0
0
0
0
0
0
0
0
0
0
0
0
0
0
0
0
0
0
2,290
130,000
346,000
0
0
0
0
0
0
0
0
0
552,000
0
152,000
0
0
0
0
264,000
0
8,190
895,000
0
0
600,000
0
20,900
0
0
0
0
0
0
0
0
0
0
0
0
0
0
0
0
0
531,000
0
0
0
0
0
0
0
0
0
0
0
0
0
0
0
0
0
0
194,000
481,000
0
0
0
486,000
4,350
10,200,000
0
376,000
0
7,550,000
137,000
0
0
1,350,000
0
0
0
0
0
0
0
25,200,000
0
947,000
0
186,000
0
0
0
0
0
0
0
0
0
0
0
0
5,590
0
0
0
0
0
0
0
0
0
0
0
0
0
0
0
0
0
0
0
0
0
0
878,000
0
0
0
0
0
0
0
0
0
0
0
0
0
0
0
0
0
0
0
0
0
0
0
0
273
0
0
0
0
0
0
0
0
0
0
0
0
0
0
0
0
0
0
0
0
0
0
0
0
0
0
238,000
0
0
0
520,000
0
0
0
0
0
0
9,660
0
0
0
0
0
0
0
0
0
0
0
0
0
0
0
0
0
0
0
0
0
0
12,200
0
0
0
69,200
0
0
0
0
0
0
0
0
0
0
0
0
0
0
0
0
16,900
0
235,000,000
0
0
650,000
1,530,000
0
0
0
0
0
0
0
0
0
0
0
0
0
0
0
0
0
0
0
0
0
0
0
0
0
0
0
0
0
0
0
0
12,800
0
0
0
0
0
0
0
0
0
0
0
0
0
0
0
0
0
0
0
0
0
0
0
0
0
0
0
0
0
0
0
0
0
0
0
0
0
0
858,000
0
0
1,500,000
0
0
0
0
0
0
0
0
0
0
0
258,000
0
0
0
6,920
0
0
0
116,000
0
0
0
0
549,000
3,080,000
0
0
0
0
0
0
0
331,000
0
0
0
0
0
0
0
0
7,940
0
0
0
0
0
0
0
0
0
0
0
0
937,000
0
0
0
0
0
0
0
0
0
78
0
0
0
0
0
0
0
0
0
0
0
965
0
0
0
0
0
0
0
0
0
0
0
0
0
0
0
0
0
0
0
0
0
0
0
0
0
0
0
0
0
0
0
0
0
0
0
0
0
0
0
0
0
0
0
0
0
0
0
0
0
0
0
0
0
0
0
0
0
0
0
0
0
0
0
0
0
0
0
0
0
0
0
0
0
0
0
0
0
0
0
0
0
0
0
0
0
0
0
0
0
0
0
0
0
0
0
0
660,000
0
0
0
0
0
0
0
0
0
0
0
0
0
0
0
0
0
0
0
0
0
0
0
0
0
0
0
0
0
0
0
0
0
2,670,000
0
0
0
0
0
180
0
0
0
0
0
0
0
0
0
0
0
0
0
0
0
0
0
0
0
0
0
0
0
0
0
0
0
0
0
0
0
0
0
0
0
0
0
0
0
0
0
0
0
0
0
0
0
0
0
0
0
0
0
0
0
0
0
0
0
0
0
0
0
0
0
0
0
0
0
0
0
0
0
0
0
0
0
0
0
0
0
0
0
0
0
0
0
0
0
0
0
0
0
0
0
0
0
0
0
0
0
0
0
0
0
0
0
0
0
0
0
0
0
0
0
0
0
0
0
0
0
0
0
0
0
0
0
0
0
0
0
0
0
0
0
0
0
0
0
0
0
0
0
0
0
0
0
0
0
0
0
0
0
0
0
0
0
0
0
0
0
0
0
0
0
0
0
0
0
0
0
0
0
0
0
0
0
0
0
0
0
0
0
0
0
0
0
0
152,000
0
0
0
0
0
0
0
0
0
0
0
0
0
0
0
0
0
0
0
0
0
0
0
0
0
0
0
0
310,000
0
0
0
0
0
0
0
0
0
0
0
0
0
0
104,000
0
0
0
0
0
0
0
0
394,000
0
0
0
0
0
0
0
0
0
0
0
0
0
0
0
0
0
10,600
58,000
0
0
0
0
0
0
0
0
629,000
0
0
0
0
0
0
2,100,000
762,000
0
0
0
0
727,000
0
0
0
0
0
0
609,000
0
31,100
0
0
0
0
0
0
0
0
0
0
0
0
0
0
0
0
0
0
0
0
0
0
0
0
0
0
0
0
0
0
0
0
0
0
0
0
0
0
0
0
0
0
0
0
0
0
0
0
0
0
0
0
0
0
0
0
0
0
0
0
0
0
0
0
0
0
0
0
0
0
0
0
0
0
0
0
0
0
0
0
0
0
385,000
582,000
0
0
496,000
3,990,000
0
6,990
0
0
0
0
0
0
0
0
0
0
0
0
0
0
0
0
0
0
0
0
0
0
0
0
0
0
0
0
0
0
0
0
0
0
0
0
0
0
0
0
0
0
0
0
0
0
0
0
0
0
0
0
0
0
0
284,000
0
0
0
0
138,000
0
146,000
184,000
0
0
0
0
0
0
1,050,000
0
245,000
282,000
0
0
0
0
0
52,100
0
359,000
1,970,000
0
642,000
722,000
1,070,000
67,800
0
0
0
2,410,000
5,560,000
0
579,000
0
299,000
1,460,000
0
0
0
0
0
0
0
0
0
0
0
0
0
0
0
0
0
0
0
0
0
0
0
0
0
0
0
0
0
0
0
0
0
0
0
0
0
0
0
0
0
0
0
0
0
0
0
0
0
0
0
0
0
0
0
0
0
0
0
0
0
0
0
0
0
0
0
0
0
0
885,000
0
0
0
0
0
0
0
0
0
0
0
0
0
0
0
0
0
0
0
0
0
0
0
0
0
0
0
0
0
0
0
0
0
0
0
0
0
0
0
0
0
0
0
0
0
0
0
0
0
0
0
0
0
0
0
0
0
0
0
0
0
0
0
0
0
0
0
0
0
0
0
0
0
0
0
0
0
0
0
0
0
0
0
0
0
0
0
0
0
0
0
694,000
0
0
0
0
12,600
0
0
0
0
0
0
0
0
0
0
0
0
0
0
0
0
0
0
0
0
0
0
0
0
0
0
0
0
0
0
0
0
0
0
0
0
0
0
0
0
0
0
0
0
0
0
0
0
0
0
0
0
0
0
0
0
0
0
0
0
0
0
0
0
0
0
0
0
0
0
0
0
0
0
0
0
0
0
0
0
0
0
0
0
0
0
0
0
0
0
0
0
0
0
0
0
0
0
0
0
0
0
0
0
0
0
0
0
0
0
0
0
0
0
0
0
0
0
0
0
0
0
0
0
0
