0
0
0
0
0
0
0
0
0
0
0
0
0
0
0
0
0
0
0
0
0
0
1,310
0
0
0
0
2,420
35,900
0
0
0
928
0
0
0
0
0
0
2
0
0
0
0
0
0
0
0
0
0
0
0
0
0
0
0
0
0
0
0
0
0
0
0
0
1,380
0
0
0
0
0
0
0
1
0
0
56,500
407,000
0
0
0
13,500
0
419
0
0
0
0
0
0
75,000
23,200
18,000
0
0
0
0
0
0
0
0
6
15,600
0
0
113,000
133,000
47,000
0
0
0
0
0
0
197,000
640,000
4,810
2,240
23
254,000
9
2,500
3
0
0
1
0
2,830
8
0
14,100
2,390
68,000
107,000
1
2,540
0
0
0
0
0
0
0
9,710
8,870
0
23,100
7,440
0
0
88,200
0
0
30,000
3,190
0
0
0
0
0
45,600
0
0
0
0
0
0
33
9
0
0
0
0
0
0
0
0
0
0
0
0
0
0
0
0
0
0
0
0
0
0
9
0
0
0
0
5,880
16,200
71
955
0
0
0
7
8
0
8
1,570
9,840
6,320
0
0
0
0
0
2
3,480
6
9
16,500
1,050
7,790
664
0
0
0
0
0
0
0
0
0
0
0
0
0
209,000
1,360
193,000
8
0
0
0
0
0
0
0
0
0
0
28,300
46,800
2,060
25,900
233,000
0
0
0
0
0
7
0
0
0
0
0
0
0
0
0
0
0
0
0
0
0
0
0
0
0
0
0
0
0
0
0
0
0
0
0
0
0
0
0
0
0
0
0
0
0
0
0
0
0
0
0
0
0
0
0
0
0
0
0
0
0
0
0
0
0
68
0
0
0
0
1
0
0
1
0
0
0
0
0
0
0
0
0
0
0
0
0
0
20,300
70,800
36,500
80,000
367,000
271,000
1,280
15,700
108,000
8
6
748
13,000
0
0
0
109,000
18,600
207,000
0
0
0
0
0
0
0
0
0
0
0
0
0
0
0
0
0
0
7,760
13,300
47,100
31,800
901
0
0
0
107,000
324,000
35,200
1,970,000
0
0
0
0
0
0
0
0
0
0
0
0
0
0
0
0
0
1
0
325,000
2,360,000
203,000
1,610
5
0
0
449,000
0
0
0
0
0
0
0
0
2,410,000
0
323,000
0
0
0
0
0
0
4,320,000
0
0
0
7
3
0
0
0
0
0
0
0
0
0
0
0
0
3,290
6
0
0
0
0
0
0
0
0
0
0
40,800
84,200
34,700
0
0
0
0
0
0
0
0
0
0
11,200
0
0
0
0
0
2,390
0
109,000
0
0
36,000
0
0
0
0
0
0
0
0
0
5,180
0
0
0
0
0
0
0
0
0
1,690
1,350,000
503
353,000
730,000
54,500
258,000
2,910
31,600
22,100
109,000
0
21,400
4,280
0
0
0
0
0
0
0
0
0
16,900
14,100
3,660
0
1,340,000
15,300
131,000
1,270
399,000
338,000
0
2,370
0
0
0
0
0
0
0
0
0
0
0
0
0
0
0
0
0
0
0
32,000
0
0
0
0
1,830
0
324,000
3,490
1
0
92,200
0
0
0
0
0
0
0
0
3
0
0
0
2,130
0
0
36,400
1
0
2
2,850
6
0
0
0
0
16,100
1,310
2,600
180,000
14,200
0
0
11,200
0
0
0
0
1
2
224
221
40,700
355
30,700
5
1,270
0
1
0
0
0
0
0
0
0
441
9
2,070
4,150
40
207
1,560
3,110
223
7
620
2,500
3,210
0
1,270
0
0
0
0
0
0
0
1,890
891
361
0
274,000
14,000
0
0
0
101
0
0
0
0
0
0
0
0
0
0
0
0
0
0
0
2
1
2
0
0
0
0
0
94,700
11,700
0
17,900
2
2,940
12,200
69,800
13,400
13,900
0
0
0
0
0
0
0
0
0
3,710
1,340
0
1,780
53,500
0
0
0
0
172,000
0
21,600
10,900
27,100
0
0
2,920
39,800
6
0
0
0
0
9,590
0
0
0
0
0
0
0
0
0
0
0
8
1,080
0
0
0
13,300
346
1
0
8,620
0
0
0
0
7
0
0
0
0
0
0
0
0
0
0
0
47
0
0
0
0
0
142,000
19,100
82,100
19,800
1,020,000
683,000
92,600
151,000
25,200
1,180
0
0
2,280
21,300
65,800
0
4,950,000
3,230
44
10,800
1,400,000
3,130
29,000
34,300
2,990
719
58,300
8
53,900
62,300
64,200
5,490
72,900
106,000
1,570
128
71,600
6,510
3,470
32,600
3
90,300
55,200
97,400
55,000
142,000
206,000
154,000
0
0
0
0
0
0
0
0
0
0
0
0
0
4,860
0
0
1
0
0
8,660
252
2,560
2,190
1,480
23,900
6,340
21,600
2,450
8,050
86
12,100
14,200
0
0
0
0
0
0
478
42,100
0
0
0
0
0
0
0
0
0
0
0
0
0
0
0
0
0
0
0
0
0
0
0
0
0
0
0
0
0
0
0
0
0
0
0
0
0
0
0
0
0
0
0
0
0
0
0
0
0
0
0
0
0
0
0
0
0
0
0
0
0
0
0
0
0
0
0
0
0
0
0
0
0
0
0
0
0
0
0
0
0
0
0
0
0
0
0
0
0
0
0
0
0
0
0
0
0
6,800
0
0
0
0
0
0
9,110
0
0
0
0
0
0
0
0
3,880,000
3
0
0
0
0
0
0
0
0
0
0
0
0
0
0
0
0
0
0
0
0
0
0
0
0
0
0
0
0
0
0
0
0
0
0
0
0
0
0
0
0
0
0
0
0
0
0
0
0
0
0
0
0
0
0
0
0
0
0
0
0
0
0
0
0
0
0
0
0
0
0
0
0
0
0
0
0
0
0
0
0
0
0
0
0
0
0
0
0
0
0
0
0
0
0
0
0
0
0
0
0
0
0
0
0
0
0
0
0
0
0
0
0
0
0
0
3
164,000
8,590
4
0
0
167,000
164,000
30,900
47,000
0
0
1
2,670
0
0
5,940
0
0
0
180,000
11,700
27,900
335,000
1,560,000
80,900
84,600
200,000
415,000
1
266
3
7
0
0
0
64,100
46,900
8
268,000
0
2
98,900
21,200
31,500
3,600,000
5,940
51,100
1,400
412,000
224,000
928,000
376,000
0
0
0
0
0
0
0
0
0
0
129,000
0
0
0
11,700
10,200
11,500
3,700
85,500
22,800
50,200
8
5,740
0
0
10,400,000
0
9
2,250
0
84
0
0
0
0
4,850
0
0
0
0
48,800
22,600
0
0
0
0
3,050
26,000
0
0
0
4,720
0
0
37,300
157
18
0
0
4,360
25,000
43,300
23,300
0
1,580
8
1,300,000
362,000
12,000
11,100,000
1
4,430,000
844,000
448,000
8,210
435,000
295,000
1,180,000
4,400,000
105,000
34,400,000
15,900,000
8,920
25,600
5,350
8,870
114,000
197,000
4,010
0
0
0
70,700
72,700
163,000
179,000
0
0
133,000
0
0
151,000
28,100
6,910
5,820
0
94,900
7,860
28,900
300,000
38,100
0
0
5,230
0
0
10,200
0
0
216
2
17,500
448,000
199,000
381
0
0
0
0
0
0
0
0
0
0
0
0
3,480
2,020,000
19,400
158,000
2,210
34,200
24,800
47,600
42,700
64,500
540,000
0
19,300
6
3
0
0
0
0
0
0
0
2,730
0
6
4,970
4
389,000
182,000
1,030,000
101,000
341,000
928,000
15,800
0
0
0
0
0
0
0
0
0
0
0
0
0
0
0
0
0
0
0
0
0
0
0
104,000
92,900
32,100
4,890
657,000
1,900
157,000
89,800
116,000
26,400
200,000
0
0
27,100
410,000
3
0
0
1,920
0
0
0
0
0
0
0
0
0
0
0
0
0
13,400
0
34,000
1,050
0
635,000
106,000
0
0
0
0
0
0
0
0
0
0
0
0
0
0
0
0
0
0
0
0
0
0
0
0
0
0
0
0
0
0
0
0
199,000
0
0
0
0
0
0
0
0
0
0
0
0
0
0
0
0
0
0
0
0
0
0
0
0
0
0
0
0
0
0
0
0
1,580
0
0
0
0
0
0
0
0
0
0
0
0
0
0
0
0
0
0
0
0
0
0
0
0
0
0
0
0
0
0
0
0
0
0
0
0
0
3,600
0
0
10,200
0
0
0
0
0
0
4,660
3
538,000
0
1,850
118,000
82,200
0
152,000
4,290
40,700
113,000
13,100
111,000
159,000
323,000
5,780
86,000
926
0
0
0
0
0
0
196,000
6,400
21,700
0
0
4,350
6,380
4,200
13,000
0
0
9,960
0
0
36,700
0
0
0
0
0
699
0
0
0
0
0
0
0
0
0
0
0
0
0
31,900
0
0
0
11,200
272,000
505
13,800
53,400
0
111
0
7,280
3
1
33,500
0
0
0
0
0
0
0
0
0
111
0
0
0
0
0
0
10,900
1,210
35,600
3,290
1,290
51
480,000
1,990
1,140
27,200
37,500
278,000
11,200
2,670
93,400
1
25,100
0
0
0
25,500
0
0
4
3
1
171
6
0
5
1
0
48,700
847
226,000
58,900
0
0
28,100
0
0
0
0
2,050
0
0
0
0
0
0
0
0
0
0
0
0
0
89
4
156,000
0
0
0
0
0
10
704
4,110
0
0
0
1,900
6,740
7,570
7,480
2,310
22,300
846
70,800
2,050
80
11,600
3
7
8
11,700
6,650
8
5,070
26,900
4,630
0
0
0
0
0
0
0
0
0
0
0
0
18,500
0
0
0
0
0
0
0
206,000
0
0
3,790
0
271,000
267
0
0
0
0
0
87,600
365,000
0
0
0
134,000
27,600
95,200
555
560
0
0
0
5
1
2,690
0
0
0
2,290
0
0
0
0
0
0
0
75,800
0
0
0
0
0
0
0
0
0
4,130,000
17,500
0
0
0
0
0
0
0
0
0
0
0
0
0
0
1,090,000
3
0
0
283
0
0
0
0
6,890
46,400
9
6,490
227,000
64,700
20,200
239,000
59,300
0
0
0
0
0
0
0
0
0
0
0
0
352
0
2
41,800
120,000
0
1,260
54
10,800
0
9
37,000
34,300
0
0
0
62,900
0
0
0
0
35,100
47,700
16,900
35,100
8,360
12,200
105,000
22,100
81,800
8
10
229
156
2,420
2
2,040
0
0
83,000
17,200
2
47,000
27,800
1,510
1
5,570
67,700
163,000
4,850
117,000
3,550,000
74,000
84,800
244,000
908,000
9,160
23,600
114,000
58,300
0
0
0
0
0
0
0
0
0
0
0
0
0
0
0
0
0
0
0
25,800
9,500
25,200
12,300
12,100
37,100
27,400
23,900
71,100
42,600
26,800
818
1,900
41,400
20,100
20,400
10,000
2,170
7,090
11,000
46,400
50,800
0
0
0
0
0
346,000
0
0
0
0
0
0
0
0
145
6,220
0
0
8
0
0
0
12,000
0
0
0
781,000
0
2,880
0
0
0
0
0
0
0
0
0
2
0
0
0
2,020,000
0
0
0
0
0
277,000
0
0
1
0
6
0
0
0
0
0
2
0
32,200
0
0
0
0
0
0
0
0
0
0
0
0
0
127,000
35,900
3,830
332
129,000
114,000
12,600
21,200
43,500
25,100
326,000
361,000
5,960
1
7,780
0
13,000
0
1
9
0
160
0
0
0
0
0
0
0
0
0
0
0
258
11,200
6
306
3
4,530
1,150
511
88,600
10,300
19,800
40,400
130
90,700
43,200
121
28,800
43,200
102,000
6,350
1,610
36,000
64,100
0
17,700
17,500
2,230
13,200
33
5,140
67,000
1,680
12,100
39,400
478
4,010
24,900
237,000
12,100
3,350
80,600
6
12,000
42,400
33,300
0
0
0
0
0
0
0
0
0
0
0
0
0
0
0
0
0
0
0
0
0
0
0
0
10,800
2
4
0
0
25,800
3,090
9,320
70,500
4,560
35,000
0
50,000
21,900
16,700
71,400
41,900
9,060
7,770
64,100
0
0
0
0
0
0
0
0
0
1,670
0
286
230,000
12,800
13,000
0
0
0
0
0
0
0
0
0
0
0
6,970
0
0
0
42,600
602,000
179,000
12,600
1,640
421,000
0
0
0
0
0
0
0
0
0
23,200
3
96,900
0
0
0
0
931,000
6,790,000
3,620
18,900
253,000
9,810
8,580
2,360
28,500
5,690
562
5,720
38,700
1
40,000
2
2,420,000
9,880
25,300
2
4
7
4,020
18,200
82
45,700
8,830
0
0
7
0
6
97,000
4,050
3,530,000
239,000
26,600
0
0
0
0
0
17,400
106,000
0
0
0
0
0
0
0
0
0
0
0
0
0
0
0
0
0
0
0
0
0
0
6,250
0
36
0
1
2,090
0
0
0
0
0
58,100
2,100
1,860
36
33,700
212
4
3
0
3
0
0
0
0
0
0
18,700
24,200
30,300
353,000
19,400
6,330
51,400
70,300
36,200
47,800
51,300
46,100
2,900
101,000
6,870
25,500
46,100
16,500
8,600
0
1,260
6
4,460,000
0
0
0
0
0
3,440
1
3
2
106
0
33,700
216
0
3
208,000
60,500
59,500
236
18,500
81,300
136,000
4,200
22,000
3,340
18,500
0
0
0
0
0
0
0
0
0
0
0
0
0
0
0
0
0
0
1,420
10
0
0
0
0
0
0
0
0
25,500
24,900
13,700
9,870
91,500
2,390
0
0
0
10,400
0
0
0
0
0
0
0
0
0
0
0
0
0
3
0
0
0
0
0
0
0
0
0
0
0
0
0
0
0
0
5,750
5,470
0
0
0
0
0
0
0
0
0
0
0
0
0
0
0
0
0
0
0
0
0
0
1
121
0
0
0
0
0
0
0
121,000
0
208,000
14,000
0
0
208,000
387,000
97,000
0
0
0
0
0
0
0
0
0
0
0
0
0
0
0
0
0
0
0
0
644
0
0
0
0
0
0
0
0
0
0
0
0
0
0
0
33
35,300
0
0
0
0
0
0
0
0
0
0
0
0
0
0
0
0
0
0
43,600
0
46,900
0
0
0
0
0
0
0
0
0
0
0
0
0
0
0
0
0
0
0
0
0
0
0
0
0
0
0
0
0
0
0
0
0
0
0
0
13,100
188
33,200
7
0
0
0
0
0
0
0
0
0
0
0
0
0
0
0
0
0
0
0
0
0
0
0
0
0
0
0
0
0
0
0
0
0
0
154,000
372
0
0
11,600
366,000
0
0
0
0
0
1
747
1
51
50,400
66,800
34,700
0
0
0
7,650
116
268,000
5
0
0
0
0
0
0
0
0
0
0
0
0
0
0
0
0
0
0
0
0
0
0
0
0
0
0
0
0
0
2
0
0
0
0
0
6,370
0
0
0
0
0
0
0
0
0
0
0
0
0
0
21,200
9
126
2
161,000
123,000
0
0
0
0
9,890
2,970
0
0
14,600
7,630
35,200
2,380
2,670
0
35,300
26
366
37,700
0
0
9,750
0
0
0
0
0
0
52,100
0
3,140
0
269,000
0
0
0
0
2,000,000
912,000
7,000
48,900
362,000
126,000
2,210,000
219,000
239
366,000
0
0
0
0
4
0
0
757,000
95,200
1,590,000
39,200
0
0
0
542
0
0
0
0
0
0
0
0
0
0
0
0
0
0
0
0
0
0
0
0
0
0
0
0
0
0
0
0
0
7
930
1
4
0
1,760
1
43
37
2,870
0
19,400
6
8
3
0
0
14,200
6,960
103
0
0
0
0
82,400
0
0
0
0
0
0
0
0
0
0
0
0
0
0
1,800
79,300
2,040
84
511,000
12,100
2,350
111,000
13,900
144,000
108
7,720
7,350
8
1
0
5
3
1
0
0
4
2
0
0
0
0
0
0
4
119
0
25,100
9
65,400
8
37,700
50,100
92,900
25,800
19,400
0
1,210
161,000
1
6
3
0
0
0
0
0
0
0
0
4
0
0
8,480
0
0
249,000
14,500
106,000
1,300
37,400
6,680
3,860
539
0
15,300
517
0
0
0
0
0
0
0
0
0
0
0
0
0
0
0
0
0
0
0
0
0
0
0
0
0
0
0
0
1
0
0
0
0
0
0
0
0
0
0
0
0
0
0
0
0
3
5,680
530
0
0
0
0
0
0
0
0
0
0
0
0
0
11,200
0
0
181
0
0
0
0
0
0
0
0
0
0
0
392
875
16,100
8,910
0
0
0
0
3
0
0
0
0
0
0
0
0
0
0
0
0
0
0
0
0
0
0
0
3,720
0
0
0
0
0
0
0
0
0
4,830,000
0
0
0
0
0
40,000
0
0
0
0
2
0
0
0
0
0
0
631
1,670
1
30,500
68
2,310
5,380
0
1
3
16,500
601
4,100
0
0
0
0
0
0
0
0
0
0
0
6
0
0
0
0
0
0
1
0
0
0
0
0
5,780
0
0
156,000
5,900
0
0
0
0
0
0
0
0
0
0
0
0
0
0
0
0
0
0
0
0
0
0
0
0
0
0
0
0
0
0
0
0
0
53,000
0
0
106,000
0
0
0
0
0
0
0
0
0
0
0
0
0
0
4
14,700
0
0
117,000
187,000
76
537,000
0
0
0
0
0
0
0
0
0
0
0
0
0
0
0
0
0
0
52,600
0
0
0
0
0
0
0
9
15,500
0
0
13,800
0
0
0
0
0
0
0
0
0
0
36,700
0
0
0
0
0
0
0
14,200
1,710,000
1,080,000
237
4,370
0
1
5,360
0
3,060
2,000,000
377,000
95,600
836
1,610,000
2,480,000
556,000
64,900
382,000
193,000
7
67,200
238,000
0
0
0
0
124,000
0
0
0
0
5,840
0
0
0
0
0
0
0
0
0
0
0
0
0
0
0
125
2
0
2,560
0
0
4,880
0
0
0
0
0
35,800
0
0
0
0
0
275,000
59,700
45,400
127,000
56
15,000
175,000
1,300,000
0
0
0
0
0
0
0
0
0
0
0
0
0
0
0
0
0
0
0
0
0
0
0
0
0
0
0
0
0
0
0
0
0
256,000
0
125,000
109,000
0
0
0
0
560
0
203,000
0
0
0
0
0
0
0
38
0
0
0
0
0
0
0
0
0
0
0
0
0
0
0
0
0
0
0
0
0
0
0
0
0
0
0
0
0
543
3
0
0
4
13,900
861
6
0
2,350
0
5
35,600
2
5
0
0
252
0
0
0
0
0
0
0
0
0
0
0
0
0
0
0
37,800
178,000
103,000
30,300
32,000
66,500
104,000
46
503,000
82,300
22,000
0
74,500
106,000
46,900
7,820
30,200
3,070
97,500
166,000
24,400
51
5
2,550
1,310
0
0
1,850
0
0
0
0
0
0
0
0
0
1
53,100
298
0
7
4
2
0
1,790
13,000
9
437
5
5,200
0
1
0
0
2
0
0
3
1,290
10
0
708,000
250,000
4,300
17,200
49,500
53,100
340
13,400
41,100
34,800
80,700
66,800
24,500
26,900
490,000
8
13,600
18,800
74,700
9,740
37,800
8,180
52,200
15,600
3,280
22,800
306,000
3
42,300
2
5,190
2,040
0
0
0
0
0
0
0
0
0
0
0
0
0
0
0
0
0
0
0
0
0
0
0
0
0
0
4,310
7
16,600
5
0
0
13,200
13,300
642,000
22,600
0
6
0
0
0
0
0
0
0
0
0
0
0
16,000
13,300
429,000
83,200
126,000
378,000
24,100
8,340
127,000
67,800
53,700
36,200
11,300
63,100
14,500
106
12,400
3
0
0
0
0
0
0
0
0
0
0
0
3,430
0
0
1,350,000
42,300
0
0
0
0
0
0
38,600
0
0
0
0
0
0
0
0
0
0
133,000
0
0
0
0
0
0
0
0
0
0
0
0
0
0
0
0
0
0
0
0
0
0
0
0
0
0
0
0
0
0
0
0
0
0
0
0
0
0
0
2,890,000
0
0
0
0
0
0
0
0
0
0
0
0
0
25,500
0
0
0
0
16,000,000
1,620
0
0
0
0
0
0
0
0
0
0
0
0
0
0
0
0
0
0
0
0
0
0
0
0
0
0
0
0
0
0
0
0
0
0
0
0
0
0
0
0
0
0
0
0
0
2,870
0
0
0
71,300
322,000
1
3,940
81,500
4,480
68,000
8
94
138,000
0
0
0
0
0
0
0
0
0
0
3
0
0
0
0
0
0
0
0
0
5
182,000
17,500
154
60
0
0
0
7,080
0
122,000
0
0
0
0
0
0
0
0
0
0
0
0
0
0
0
0
0
0
0
0
0
0
0
0
0
0
0
0
0
304,000
3,440,000
28,300
43,900
218,000
59,000
0
0
3,210
0
0
0
0
0
0
0
0
0
0
0
0
0
0
0
0
0
0
3
0
0
0
0
0
0
0
0
0
0
0
0
0
0
0
0
0
0
0
0
0
0
0
0
0
0
0
0
0
0
0
0
0
0
1,270
0
0
14,800
0
3,190
7,740
0
0
27,200
126,000
0
0
0
0
0
0
0
6,090
4,020
3
21,500
0
0
0
0
0
0
0
0
0
0
0
0
0
0
11,300
94,400
0
33,900
0
3
0
0
0
17,800
0
0
0
0
0
0
0
0
0
0
0
0
0
23
0
0
3
0
0
0
0
0
0
1,790,000
0
0
0
12,700
0
0
0
0
3,450
0
0
0
0
0
0
24,600
37,100
0
0
27,700
0
0
0
0
27,700
0
0
0
0
0
0
768,000
74,200
954,000
3,730
0
0
46,100
10,600
115,000
57,000
56,700
9
0
0
0
0
0
0
0
0
0
0
0
0
0
0
0
0
0
0
0
0
0
0
0
0
0
0
0
0
0
0
4,030
0
0
0
282,000
0
0
0
0
0
0
0
0
0
0
0
0
0
0
6,400
0
0
0
0
1
0
0
0
688
39,500
37,500
10,100
10,300
0
1
0
0
0
0
0
0
2,010,000
0
643
0
608
22,300
1,780
28
0
0
0
0
0
0
0
2,290
0
0
0
0
0
0
0
0
0
0
0
0
0
30,200
236,000
3,090,000
2,460
141,000
0
31,200
27,800
810
76,300
61,100
126,000
0
0
0
58,200
105
0
0
0
0
236,000
0
0
0
116
0
0
0
0
0
0
0
0
0
0
0
0
0
0
0
0
0
0
996,000
0
0
0
99
0
0
0
0
0
0
128,000
0
0
0
0
0
151,000
34,600
0
123,000
0
0
0
0
0
0
0
0
0
0
0
0
73,200
0
0
2,120
0
0
0
2
1,920,000
108,000
99,000
247,000
538
0
0
0
0
0
0
0
0
2,540
0
0
0
0
0
0
0
0
0
0
0
0
0
0
0
0
0
0
12,900
0
0
0
0
0
0
0
0
0
0
0
79,200
82,400
1,140,000
3,480
0
50,600
50,100
0
35,000
6,940
13,000
0
0
0
2
0
0
0
0
0
0
0
0
0
0
351,000
17,100
382,000
0
0
0
0
0
0
0
0
0
1,080
5
0
0
0
0
0
0
0
0
0
0
0
0
0
0
0
0
0
0
0
0
0
0
0
0
0
0
0
0
0
0
0
0
0
0
0
0
0
0
0
0
0
0
0
0
0
0
0
0
0
0
0
0
0
0
0
0
0
0
0
0
0
0
0
0
27
2,130,000
1,730
1,070
1
0
0
0
0
0
0
0
0
0
0
965,000
57,200
1,130
0
90,900
1,510
145,000
0
0
0
0
32,200
1,230,000
0
0
0
156
0
0
0
0
164,000
0
0
0
0
0
0
0
0
0
0
0
0
162,000
0
0
0
0
0
0
0
0
0
0
0
0
14,000
0
0
0
0
0
252,000
114,000
0
0
0
98,400
2
0
43
0
5,960
0
15,600
0
0
0
0
0
0
352,000
0
0
0
0
0
0
0
0
0
0
39,500,000
0
0
0
0
0
0
0
0
0
0
0
0
4
0
271,000
227,000
19,500
9,110
25,800
0
0
0
0
0
0
0
0
0
0
0
1
0
0
0
0
0
0
8
1
0
0
0
0
0
0
0
0
0
0
0
2,310
0
0
10,200
0
47,700
0
188,000
15,900
0
0
251,000
0
0
0
0
0
0
0
0
0
0
0
0
0
0
0
0
0
0
3,980,000
0
0
0
0
0
0
3,890
0
99,400
29,700
0
0
0
9
0
602
0
0
0
0
0
0
311
30
0
0
0
0
0
0
0
0
0
0
0
0
0
0
0
0
23,200
0
0
0
0
1
5
0
80,800
277,000
55,500
3
0
0
5
1
1
1,510
2,830
24,300
9,560,000
0
0
0
0
0
0
0
0
0
0
24,400
103,000
6,550,000
47,400
193,000
39,800
7,180
6,470
2,250,000
33,000
6,320
1,310,000
147,000
111,000
9,820,000
2,420,000
54,400
165,000
24,300,000
1,260,000
483,000
5,310
3,610,000
372,000
24,000
5,470,000
32,800,000
6,270,000
0
22,700
1,690
5
17,300
6,330
1,560
0
0
0
0
0
0
5
146,000
0
97,500
153,000
770
2,170
297
0
1
6,840,000
266,000
330,000
636,000
736,000
1,960,000
16,000
49,000
24,300
11,800
659,000
2,690
3,480,000
41,900
544,000
8,070
19,900
119,000
26,500
81,300
137,000
8,700
1,180,000
10,400
518,000
359,000
1,430
39,400
0
0
0
0
0
0
0
0
0
0
0
0
0
0
0
0
0
0
0
0
0
0
106,000
0
0
0
0
0
0
0
0
0
0
0
0
0
0
0
0
313,000
478,000
132,000
61,700
86,800
2,920,000
912,000
309,000
78,100
64,600
16,300
20,700
0
0
0
0
0
0
0
0
0
0
0
0
0
0
7,110
4,800
0
0
17,000,000
137,000
5,270
0
0
0
0
0
0
0
0
0
17,600
473,000
0
0
0
0
0
0
0
0
30,900
0
0
0
0
0
1,130
0
0
0
0
0
0
0
0
0
0
0
0
0
0
0
0
0
65
69
0
0
0
1,180
59
26,500
12,800
365
2
1
3
0
0
1
4
3,780
4,300
18,300
0
0
0
0
416
3,180
0
0
3
0
0
0
0
0
0
0
0
0
0
0
0
0
0
278,000
0
0
0
0
12,200
0
0
0
0
0
2,300
0
0
0
0
0
0
0
0
0
0
0
0
1,890
131,000
0
0
4
4
0
66,400
3,330
178,000
27,800
0
0
0
0
0
0
0
0
0
0
0
0
0
0
2
0
0
0
0
0
0
0
0
0
0
0
0
0
0
0
0
0
0
0
0
0
0
0
0
0
0
0
0
0
0
0
0
0
0
0
0
0
0
0
0
0
0
0
0
0
0
0
0
0
0
0
0
0
0
0
0
0
0
0
0
0
0
0
0
0
0
0
0
0
0
0
0
0
0
0
0
0
0
0
0
0
0
0
0
0
0
0
0
0
0
0
0
0
0
0
0
0
0
0
0
0
0
0
0
0
0
0
0
0
0
0
0
0
0
0
0
0
0
0
0
0
0
0
0
0
0
0
0
0
0
0
0
0
0
0
0
0
0
0
0
0
0
0
0
0
0
49,300
0
0
118,000
1,210
0
0
0
0
0
0
56,500
106,000
125,000
169,000
27,800
0
0
0
0
0
0
0
0
0
0
0
0
0
0
21,200
0
0
175,000
0
0
0
0
0
13,700
2
0
0
0
0
0
0
0
0
0
50,900
144,000
1,240,000
809,000
115,000
167,000
0
2
2
215,000
1,380,000
215,000
72
22,700
2,500,000
0
0
0
0
0
0
0
0
1
0
0
0
0
21,000
163,000
109,000
9,090
0
0
0
0
0
0
0
0
0
0
0
0
0
0
0
0
0
0
0
55
0
0
0
0
0
137,000
0
0
351
3,290
0
0
0
0
0
0
0
0
0
0
0
0
0
0
0
0
0
0
0
0
0
0
0
0
0
0
0
0
0
0
0
0
0
0
0
0
0
0
0
0
0
125,000
0
0
0
0
31
0
0
71,400
0
0
0
982
0
0
0
0
0
152,000
53,000
133,000
42,000
3,340,000
19,100
0
0
0
0
13,500
0
0
14,300
0
2
5,350
0
0
51,400
0
0
0
0
0
0
0
0
0
14,400
0
20,000
0
0
0
0
2,910
0
0
0
0
0
0
0
0
0
0
0
0
0
0
40,700
0
0
0
0
83,400
0
107
0
0
0
0
0
0
0
0
0
0
0
0
0
0
0
0
0
0
0
65,900
0
0
0
0
0
0
0
0
0
0
5
8
0
0
0
2,300,000
101,000
8,530
470,000
0
0
0
0
0
913,000
0
0
0
0
0
0
0
0
0
31,400
13,800
0
0
0
1
0
0
0
0
0
0
0
0
0
0
4,330
7,410
53,700
30,600
4,230
6,780
28,100
718
314,000
61,300
5,350
11,400
181,000
11,000
156,000
13,100
27,600
5,120
0
1
8
5,920
662
0
0
0
0
0
0
0
0
4
2,320
3,920
0
0
44,400
19,400
11,000
19,900
0
8,810
0
2
26,600
0
0
0
0
0
0
0
0
0
0
0
0
0
0
0
3
7
28,200
21,100
0
821
0
21,700
0
0
0
0
0
0
3,960
48,700
45,400
21,800
5,890
2,280
115,000
3,010
3,110
16,400
6,390
88,100
5,440
22,900
9,140
1,450
2,360
1,140
187,000
357
212,000
0
0
0
0
80
0
0
0
0
549
4
0
0
0
0
0
0
0
348,000
0
1
71,000
14,200
58,400
116,000
30,600
47,400
138,000
150,000
1,640,000
7,150
5,340
41,200
7,650
105,000
7,160
32,800
0
0
0
0
0
0
0
0
0
0
3,720
0
0
5,890
0
0
0
0
0
0
0
105,000
19,300
20,100
0
0
0
0
0
1
0
0
0
0
0
0
0
0
4
0
0
0
0
0
0
0
240,000
5,670
30,900
4,030,000
225,000
326,000
0
0
0
0
0
0
0
0
0
0
0
0
3
2
0
0
0
0
0
0
0
0
50,000
7,600
3
0
0
0
0
0
0
0
0
0
0
0
849,000
0
0
0
0
0
0
0
0
0
0
3,610
101,000
29,300
0
0
0
0
0
0
0
0
0
0
0
0
0
1
6,300
0
0
0
0
0
0
0
0
0
21,800
0
0
0
125
0
267
0
3,150
0
24,100
7,840
0
0
56,100
0
0
0
8
0
6
37,200
826
62
0
50
3
0
0
0
3,660
0
0
0
873
44
19,200
26,300
11,700
0
0
0
0
0
0
163
79,900
0
11,500
2,790
85,100
71,900
20,500
7
139,000
0
0
0
0
0
0
0
0
0
0
0
13,200
96,600
0
45
18,300
0
1,080
38
0
0
0
1,390,000
0
9
6
0
0
8,400
0
2,650
0
0
0
99,700
0
0
0
0
0
0
2
97
0
0
0
0
0
0
0
0
0
0
0
0
0
0
15,000
0
0
0
0
0
0
0
0
75,400
0
0
0
0
11,900
0
0
0
0
0
0
0
16,300
0
0
0
2,550
10,500
9,920
92
12,800
0
16,400
0
0
0
0
0
0
0
26,400
0
68,400
0
0
0
0
0
0
68,100
13,100
185,000
26,900
9,680
17,600
49,000
75,500
93,900
526,000
2,780
4,660,000
201,000
91
3,080,000
534,000
1,600
416,000
0
0
0
0
0
41,500
16,200
1
665
39,500
0
2
0
0
0
31,000
10,400
21,600
566
5
0
0
0
0
0
0
0
0
0
0
0
0
0
0
0
0
0
0
0
0
0
0
1,160
0
0
0
62,900
0
0
0
0
8
0
0
0
69,400
0
0
283,000
0
0
0
0
93,700
38,800
3,560
0
2,940
85,600
31,100
116,000
0
0
0
0
0
0
0
0
0
0
0
12,100
0
80,000
23,600
21,000
13,300
36,000
0
0
0
0
887
8
0
860,000
130,000
39,600
0
0
0
0
85
0
0
0
0
0
121,000
20,700
6,500
15,100
7
0
0
0
0
1
5
41,900
6,560
2,230
0
0
0
0
0
0
0
26,900
347
26,500
7
10,600
0
0
23,700
0
0
23,600
125,000
0
0
0
0
0
0
0
0
0
0
0
0
2
0
0
0
0
0
0
18,300
0
3
0
441,000
5
13,900
92,600
76,100
0
0
0
0
0
0
0
0
0
0
0
0
0
0
0
0
0
0
0
0
0
0
0
0
0
0
0
0
0
0
0
0
0
0
0
0
0
0
0
0
0
0
0
0
0
0
0
0
0
0
0
0
0
0
0
0
0
0
0
0
0
0
0
0
0
0
0
0
0
0
0
0
0
0
0
0
0
0
0
0
0
0
0
0
0
0
0
0
0
0
0
0
0
0
0
0
0
0
0
0
0
0
0
0
0
36
323
0
0
0
0
0
0
0
0
0
0
0
0
0
0
0
0
0
0
0
0
0
0
0
0
0
0
0
0
0
0
0
0
0
0
0
0
0
0
0
0
0
0
0
0
0
0
0
0
0
0
0
0
0
0
0
0
0
0
0
0
0
0
0
0
0
0
0
0
0
0
0
0
0
0
0
0
0
0
0
0
1,110
0
0
0
0
0
0
4,610
0
0
0
0
0
0
0
0
0
0
0
0
0
0
0
0
0
0
0
0
0
0
0
0
0
0
0
0
0
0
0
0
0
0
0
0
0
0
0
0
0
0
0
0
0
0
0
0
0
0
0
0
0
0
0
0
0
0
0
0
0
0
0
0
0
0
0
0
0
0
0
0
0
0
0
0
0
0
0
0
0
0
0
141,000
17,000
0
0
0
0
0
0
0
0
0
1,040
0
162
0
2
2
65
0
0
0
0
0
0
0
0
9
0
0
0
0
45
16,800
51,800
1
1
0
1
0
8
0
0
0
0
0
8
0
0
0
0
124,000
0
0
0
0
0
0
0
0
0
0
0
0
0
0
0
0
0
0
0
0
0
0
0
0
0
0
4,510
0
0
0
0
0
0
0
36,300
22,700
0
9,210
0
0
0
0
0
0
0
0
0
0
0
0
0
0
0
0
264,000
0
0
0
0
0
0
7
0
0
70
0
39
89
24,700
0
0
0
0
0
0
0
0
2,510
0
0
2,060
36,700
25,800
0
0
0
0
0
0
0
0
0
0
0
0
0
0
0
0
0
0
0
0
0
0
0
0
0
0
0
0
0
0
0
0
0
0
0
0
0
0
0
0
0
0
0
0
0
0
0
0
0
0
0
0
0
0
0
0
0
0
0
0
0
0
0
0
0
0
0
0
0
0
0
0
0
0
0
0
0
0
0
0
0
0
0
0
0
0
0
0
0
0
0
397,000
0
0
0
0
0
0
0
0
0
0
0
0
0
0
0
0
0
0
0
0
0
0
0
0
0
0
0
0
0
0
0
0
0
0
0
0
62,100
1
9,710
802,000
1,130,000
999,000
0
93,500
0
0
0
0
0
0
0
0
0
0
0
1
0
0
0
0
0
0
0
0
0
0
0
0
0
0
0
0
0
0
0
0
0
0
68
42,500
29,400
0
0
0
0
0
0
0
0
0
5,620
0
0
0
0
270
0
0
0
0
2,240
0
0
0
0
0
3,750
7,630
2
0
0
0
0
166,000
1
248,000
186,000
79,500
1,760
4,210
68,800
26,300
44,600
12,600
1,750
3,240,000
19,500
187,000
565,000
0
1,470
296,000
1,380
37,200
6
0
0
3
4
49,100
5
0
0
7,330
3,280
6,500
2
0
0
0
0
0
0
0
0
0
0
0
0
0
0
0
0
0
0
0
0
0
0
0
0
0
0
0
0
0
0
0
0
0
0
0
0
0
0
0
0
0
0
0
0
0
0
0
0
0
0
0
0
0
0
0
0
0
0
0
0
0
0
0
0
0
0
0
0
0
0
43,100
55,200
4,500,000
7,540,000
240,000
412,000
66,700
901,000
380,000
1,490,000
237,000
341,000
8,060
29,700
19,900
333,000
27,000
120,000
4,210
85,500
81,700
728,000
176,000
77,700
584,000
1,100,000
2,570
103,000
36,900
35,800
2,740
31,800
3,080,000
131,000
196,000
14,600
23,100
298,000
199,000
113,000
17,900
261,000
652,000
34,600
255,000
80,000
68,100
236,000
69,100
1,020,000
30,100
4,240,000
46,500
222,000
11,800
89,800
8,710
4
67,300
8
191,000
0
28,700
1
3
5,440
337
5
1,950
3
9
174,000
1
5,550
8,030
11,200
0
10,100
15,300
10,600
0
0
0
0
0
0
0
0
0
0
0
0
0
0
0
0
0
0
0
21,100
3,090
76,100
3
16,100
54,200
718,000
98,600
6
2,290
34,600
79,900
5,930
5,870
3
6
2,650
23,700
0
1,680
3,060
0
8,510
11,600
5,600
74,300
57,900
614,000
1,090,000
596,000
408,000
451,000
40,200
5,750
5,570
353,000
22,300
163,000
43,700
408,000
154,000
67,500
42,500
121,000
29,600
718,000
42,100
266,000
58,200
104,000
132,000
190,000
157,000
43,200
2,370,000
97,700
194,000
182,000
288,000
144,000
104,000
6,240
27,900
164,000
124,000
1,530,000
575
532,000
15,900
18,500
8,910
933,000
838,000
728,000
7,560
9
12,100
1,680
0
67,300
0
0
0
0
0
0
0
0
0
0
0
0
0
0
0
0
0
0
0
0
0
0
0
0
0
0
0
0
0
0
0
0
0
0
0
0
0
0
0
0
0
0
0
0
0
0
0
0
0
0
0
0
0
0
0
0
0
0
0
0
0
0
0
0
0
0
1,190,000
2
0
0
0
0
0
0
0
0
0
0
0
0
0
0
0
0
0
0
0
0
0
0
0
0
0
0
0
0
0
0
0
0
0
0
0
107,000
673,000
174,000
231,000
10,900
145,000
117,000
398,000
3,720
125,000
65,800
99,100
1,800
5,990
288,000
331,000
106,000
668,000
285,000
45,200
209,000
318,000
3,240
344,000
1,320,000
320,000
305,000
15,700
48,200
17,100
2,550,000
7,210
840,000
15,500
233,000
12,500
2
96,100
14,000
36,700
37,400
55,800
93
12,900
10,900
25,900
98,000
18,200
24,500
12,300
51,100
374,000
0
0
0
0
2
5,840
0
0
0
0
0
0
0
0
0
0
0
0
0
0
0
0
0
9,160
20
0
0
0
0
0
0
0
0
0
0
0
0
0
0
0
0
0
0
0
0
0
0
0
0
0
142,000
78
0
0
0
10,400
4
64,100
2,690
0
0
0
0
0
0
166,000
0
0
0
0
0
0
0
0
0
0
0
0
0
0
0
0
0
0
0
0
0
0
0
0
0
0
0
0
0
0
0
0
0
0
0
0
0
0
0
0
22,700
82,400
446,000
0
0
0
0
0
0
0
0
0
0
0
0
0
0
0
0
0
0
0
0
0
108
0
0
0
0
0
0
0
0
0
0
0
0
0
25,100
0
0
0
0
0
0
0
0
0
0
0
0
0
0
0
0
0
162,000
0
0
92,200
11,800
0
0
0
29,800
14,900
0
0
0
1,450
3,380
2,590
0
7,840
0
0
0
0
0
0
8
0
0
415
0
0
0
0
1
3
2,810
0
7
0
0
0
0
0
0
0
0
0
12,200
0
0
0
58,300
0
0
0
0
0
0
0
0
1,390,000
3,150
0
0
0
0
0
0
0
0
0
0
0
0
0
0
0
2,630
6,460
2,430
101
1
0
0
1
0
0
0
0
9
24,000
3,340
0
0
0
8
268,000
20,200
0
9,590
0
0
8,480
0
0
2,800
5
1,110
4,120
14,900
328
103,000
1,960
5
1
3
0
0
0
0
2
2
0
1
0
1
3,000
6
949
256
114,000
8,260
5,650
7,120
75
0
0
0
0
0
0
0
0
0
5,030
7,510
8,550
302
5,530
116,000
1,400
0
26,100
0
5
0
17,000
0
1,300
0
0
0
0
0
0
0
0
0
0
0
0
506,000
0
0
0
0
0
0
0
0
0
0
0
0
0
0
0
0
0
0
0
0
0
0
0
0
0
0
0
0
0
0
0
0
0
0
0
0
0
0
0
0
0
0
0
0
0
0
7,070
0
0
0
0
0
0
0
1
0
0
0
0
0
0
0
0
0
0
0
2,620
0
0
0
0
0
0
0
0
0
0
0
0
0
0
0
0
2,150
0
0
0
0
0
0
0
0
0
0
0
0
0
0
0
0
0
0
0
0
0
0
0
0
0
0
0
0
5
6
0
0
0
1
4,690
0
0
0
0
0
58,200
0
0
0
0
0
0
0
0
0
0
0
23,000
0
0
0
0
0
0
0
0
0
0
0
0
0
0
0
0
1,740
3,670
8,410
423,000
85,500
12,800
2,530
25,100
2,420
49,500
0
0
2
5
0
4
0
0
0
0
0
0
0
0
0
0
0
0
0
0
0
0
0
0
0
0
0
0
0
0
0
0
0
0
0
0
0
0
0
0
0
0
0
0
0
0
0
0
0
0
0
0
0
0
0
0
0
0
0
0
0
0
0
0
0
0
0
0
0
0
0
0
0
0
0
0
0
0
0
0
0
0
0
0
0
0
0
0
0
0
0
0
0
0
0
0
0
0
0
0
0
0
0
0
0
0
0
0
0
0
0
0
0
0
0
0
0
0
0
0
0
0
0
0
0
0
0
0
8,140
2,490
0
0
0
0
0
0
0
0
24,300
0
0
0
0
0
16,900
0
0
0
0
0
472
48
56,000
68,900
0
0
0
0
0
0
0
0
0
0
0
0
0
0
0
0
0
0
0
0
8
0
0
0
0
0
3,490
0
8
0
0
0
0
0
0
0
0
19,700
0
0
0
0
4,720
0
0
0
0
0
0
0
1,700
0
0
0
0
0
0
0
0
0
0
0
0
0
0
0
0
0
0
0
0
0
0
0
23,100
1,640
563,000
0
0
92
0
0
0
0
0
0
0
0
0
0
0
0
113,000
0
0
0
0
0
0
0
0
0
7,290
0
0
0
0
0
0
0
0
0
0
0
0
0
0
0
0
0
0
0
0
0
0
0
0
0
0
0
0
0
0
89,500
0
0
0
0
0
0
0
0
0
0
0
0
0
0
0
0
0
0
0
0
0
0
0
0
0
0
0
0
0
0
0
0
0
0
0
0
0
0
0
0
0
0
0
0
0
0
0
0
0
0
0
0
0
0
0
0
0
0
0
0
0
0
0
0
0
0
0
0
0
0
0
0
0
0
0
0
0
0
0
0
0
0
0
0
0
0
0
0
0
0
0
0
0
0
0
0
0
0
0
0
0
0
0
0
0
0
0
0
0
0
0
0
0
0
0
0
0
0
0
0
0
214
0
0
0
0
0
0
0
0
0
0
0
0
0
0
0
0
0
0
0
0
0
0
0
0
0
0
0
0
0
0
0
3,560
0
0
0
0
4,800
10,800
1,260
0
0
0
9,410
6,930
35,500
0
0
0
0
0
0
0
76,400
46,700
0
1
11,200
0
4,080,000
0
0
37,500
0
0
0
0
120
0
0
2,240
0
0
0
0
0
0
0
0
0
0
0
0
0
0
0
0
0
0
8
0
0
0
0
547
0
5,800
0
0
0
0
0
0
0
0
0
0
0
0
61,900
0
0
0
0
0
0
0
0
0
165
8,160
0
0
0
0
0
5,430
50,800
0
0
0
13,300
0
97,700
1,580,000
50,000
8,340
152,000
27,600
79,500
0
11,100
0
0
0
28,000
578
0
0
0
0
0
0
2,250
0
0
0
0
0
0
0
0
0
0
0
0
0
0
0
0
0
0
0
105,000
76,100
70,800
1,190,000
49,200
118,000
40,500
28,400
108,000
17,800
51,400
4,320
275,000
241,000
2,160
90,300
1,230,000
228,000
47,000
324,000
30,100
242,000
51,400
6,990
127,000
1,140
3
8,510
8
80,200
0
0
0
0
46,500
180
4
4
204,000
65,900
8
275
127,000
56,500
73,600
70,400
41,000
61,800
111,000
367,000
33,000
37,600
88
48,500
577,000
42,500
1
7,990
13,700
60,700
12,600
7,160
177,000
105,000
500,000
158,000
38,200
430,000
24,900
531,000
772
6
665,000
3,470
0
0
0
0
0
0
0
0
0
0
0
0
0
0
0
0
0
0
0
0
0
0
0
0
0
0
0
0
0
0
0
0
0
0
0
0
0
8,350
13,300
299,000
16,400
523
104
568,000
4,900
0
0
0
0
0
0
0
0
23,100
20,700
3,820
49,700
31,800
4,930
9,610
125
1,490,000
62,500
0
0
0
0
0
0
0
0
0
0
0
0
0
0
0
0
0
0
0
0
0
0
0
0
0
0
0
0
0
0
0
0
0
0
99,600
0
4
0
201
22,200
0
0
0
0
0
0
0
0
0
0
0
0
0
0
0
0
566,000
53,100
475
82,600
71,700
12,300
13,000
1,350
59,500
7,190
6,190
2,660
13,000
4,110
148
56,200
890,000
7,320
3,240
3,600
94,800
12,200
8
0
0
0
0
0
0
0
6
65,300
4
321
0
4
0
25,900
52,100
575,000
106
19,500
7,940
14,000
117,000
454
7,600
20,800
0
7,180
4,910
10,100
6,520
87
0
0
0
0
0
0
0
0
0
0
0
0
0
0
0
0
0
0
0
0
0
0
0
0
0
0
0
0
0
0
0
0
0
122
10,200
1,960
5,260
0
0
0
0
0
0
0
0
0
0
0
0
0
0
0
0
0
53,500
0
0
0
57,100
400,000
162,000
363,000
2,630,000
272,000
218,000
0
0
0
0
0
0
0
0
0
0
0
0
0
0
0
68,500
883,000
140,000
178,000
3,870
236,000
0
0
0
133
257,000
6,520,000
0
5,340
37,500
0
0
0
0
1,750
3,090
0
14,600
0
0
0
0
0
0
3
2
36,600
1,550,000
5,640
286,000
44,300
1,910,000
272,000
0
0
9
3
0
98
0
28,300
779
32,900
0
0
953
0
0
0
0
0
0
0
0
0
0
0
0
0
0
0
0
0
0
0
0
0
0
0
0
0
0
0
0
0
0
0
0
0
0
0
0
0
0
0
0
0
0
0
0
0
0
0
0
0
0
578
0
0
0
75,800
12,000
4
5,340
190,000
40,900
141
152,000
28,400
0
0
0
0
0
0
0
72,300
3,790
0
0
92
401,000
1,810
14,900
37,800
641,000
108,000
109,000
70,000
97
75,900
9
496,000
0
0
0
0
0
0
26,400
2,370
1,730
282
30,500
11,100
22,100
87,700
866
251,000
3,690
223,000
3,520
7
18,400
0
669,000
0
0
556
0
0
0
0
0
0
0
48,800
1,190
0
0
196
1,420
5,330
21,600
75
1,420
12,900
60,600
0
0
0
0
1,080
18,800
0
748
0
0
0
44,100
186,000
612,000
37,600
192,000
25,900
0
0
0
1
4
32,800
5,710
15,900
701
80,100
1
0
23,400
0
0
0
0
0
0
0
12,400
126
0
0
0
0
0
0
0
0
0
0
0
0
0
0
0
6,200,000
1,160,000
6,390
25,000
41,500
7,240
0
0
0
0
0
0
0
0
0
0
0
0
0
0
0
0
0
0
0
0
0
0
0
0
0
0
0
0
0
0
0
0
0
0
0
0
0
0
0
0
0
0
0
0
0
0
0
0
0
0
9,750
0
3
0
0
0
0
0
0
11,300
349,000
0
0
0
0
0
0
0
0
0
0
0
0
0
0
0
0
0
0
0
0
0
0
0
0
0
0
0
0
0
0
0
0
0
0
0
0
0
0
0
0
0
0
0
0
0
0
0
0
0
0
0
0
0
0
0
0
0
0
0
0
0
0
0
0
0
0
0
0
0
0
0
0
0
0
0
0
0
0
0
0
0
0
0
0
0
0
0
0
0
0
0
0
0
0
0
0
0
0
2,760
4,930
0
529
5,210
49,800
188,000
3,420
33
179
1,700
2
2
0
0
4
14,700
25,200
41,600
0
0
0
0
0
0
0
0
0
0
0
0
0
0
0
0
0
0
0
0
0
0
0
0
0
0
0
0
0
0
0
0
0
0
0
0
0
0
0
0
0
0
0
0
0
0
0
0
0
0
0
0
6
0
0
0
31,600
0
0
0
0
0
0
0
0
0
0
0
0
0
0
0
0
0
301
0
0
0
0
0
0
0
0
105
0
0
0
0
1
6,970
724
4
4,880
0
0
0
1,990
137
0
0
0
0
0
0
0
0
0
0
0
0
0
0
0
0
0
0
0
0
0
0
0
0
0
0
0
0
0
0
0
0
0
0
0
0
0
0
0
0
239
0
0
0
0
0
0
0
0
0
0
1,310
0
0
0
0
87
1
377
4,840
0
0
139,000
0
0
0
0
0
0
0
0
0
10,200
0
16,200
7
9
0
0
0
0
0
0
0
0
0
0
0
0
0
0
0
661
0
111
0
0
0
0
0
0
0
0
0
2
2,340
0
426
8,690
7
0
0
0
0
0
0
0
0
0
0
0
0
0
0
0
0
0
0
0
0
0
0
0
0
0
0
0
0
0
0
0
0
0
0
0
0
0
0
0
0
0
0
0
0
0
0
0
0
0
0
0
0
0
0
0
0
0
0
0
0
0
0
0
0
0
0
0
0
0
0
0
0
0
0
0
0
0
0
0
0
0
0
0
0
0
0
0
0
0
0
0
0
0
0
0
0
0
0
0
0
0
0
0
0
0
0
0
0
0
0
0
0
0
0
0
0
0
0
0
0
0
0
0
0
0
0
366,000
0
0
0
0
0
0
0
0
0
0
427,000
48
58
210,000
7
0
989
20,900
0
0
0
0
0
0
0
0
0
0
0
0
0
0
0
8,130
0
0
0
0
0
0
0
0
0
0
0
0
0
0
0
0
0
0
0
0
0
0
0
0
0
0
0
0
0
0
0
0
0
0
0
0
0
0
0
0
0
0
4,670,000
103,000
38,800
0
18,100
7,010
43,800
0
2,160
1
0
0
2,090,000
48,800
0
0
0
0
0
0
0
0
0
0
0
0
0
0
0
0
0
0
0
0
0
0
0
0
0
0
0
0
0
0
0
0
0
0
0
0
0
0
0
0
0
0
0
0
0
0
0
0
0
0
0
0
0
0
0
0
0
0
0
0
0
0
0
0
0
0
0
0
0
0
0
0
0
0
0
0
0
0
0
0
0
0
4
0
0
0
0
0
8,960
36,300
11,900
0
0
0
0
1,630
0
7
27,300
105,000
9,630
0
0
0
0
0
0
0
0
0
0
0
0
0
0
0
0
0
0
0
0
0
0
0
0
0
10,500
8
0
356
0
0
0
2
0
0
4,210
165,000
0
179,000
204,000
86,400
64
68,100
0
0
0
0
0
0
0
2,660
0
0
0
3,850
0
0
0
0
0
0
0
0
0
0
0
0
0
0
0
0
0
719
4
0
0
0
0
0
0
0
0
0
0
0
0
0
0
0
0
0
0
0
0
0
0
0
0
0
0
0
0
0
0
0
0
0
0
0
0
0
0
0
0
0
2,990,000
985
2,940,000
10
3,360
2,260
25,800
9
188,000
99,200
128,000
0
0
0
0
0
0
0
0
1,330
2,280,000
720,000
150,000
57
17,700
60,000
92,200
80,800
58,500
62,400
5,020
346,000
483,000
42,500
337,000
96,800
1,030,000
136,000
883,000
10,500
697,000
41,400
1,100,000
564
21,400
65,600
100,000
31,200
111,000
247,000
59,800,000
4,370,000
751,000
75,900
604,000
14,600
2,820
79,400
855,000
1,050,000
71,900
68,200
13,100
9,840
85,400
19,900
18,300
51,200
53,400
575,000
58,300
49,300
51,800
4,230
77,400
490,000
67,800
113,000
46,100
48,900
4,980,000
223,000
451,000
134,000
3,660,000
853,000
6,110,000
238,000
2,860,000
1,370,000
4,360,000
2,540,000
36,800
10,800
0
0
0
0
0
0
0
0
0
0
0
0
0
0
0
0
0
0
0
0
0
0
0
7,860
999
1,870
28,000
0
0
120,000
0
0
0
0
0
0
0
0
0
0
0
0
0
0
0
0
0
0
0
0
0
0
0
0
0
0
0
0
0
9
213
0
0
6,470
0
0
0
0
0
0
0
0
0
0
0
6
0
0
0
0
0
0
0
0
0
0
0
0
60,100
264,000
12,500
0
62,100
0
7
60
76,000
0
0
0
0
0
0
0
6,780
13,800
0
0
0
0
0
0
0
0
0
0
0
0
0
0
146,000
0
0
0
209,000
0
0
0
0
0
0
0
0
61
0
0
0
0
7,120
26,700
0
0
0
0
55,300
11,100
0
0
153
0
0
0
51
32
0
0
3
0
0
0
0
2
12,500
1,770
13,300
7
0
0
0
8,870
28
60
18,500
10,800
0
0
3,320
0
0
0
0
0
0
0
0
0
0
0
0
0
25,100
63,300
8
0
0
0
0
0
0
15,400
633,000
17,500
0
0
0
0
0
0
3,030
248
4,040
6,030
6,550
0
0
0
270,000
0
0
0
0
0
0
4,660
4
15,600
5,310
0
0
1,180
0
0
0
0
0
0
0
0
0
0
0
0
0
0
0
0
0
0
0
0
12,600
614,000
3,590
16,100
0
57,600
0
0
0
0
103,000
0
0
0
0
0
805
0
0
0
38,200
0
0
0
8,840
490,000
0
0
0
0
0
0
0
0
0
0
0
0
0
0
0
287,000
599,000
0
576,000
287,000
0
0
0
0
0
0
0
0
0
0
0
184,000
1,160,000
0
0
0
0
0
0
0
0
0
0
0
0
0
0
0
0
0
0
0
0
0
0
0
0
0
0
0
0
0
0
0
0
0
0
0
0
0
7,500,000
770,000
170,000
808,000
0
0
0
0
0
0
0
0
0
0
0
0
0
0
0
0
0
0
16,300
84
97
4
126,000
26,700
5
3,100
8
4
0
0
816
0
0
0
0
0
0
0
0
0
0
0
0
0
0
0
4,100
13,400
36,000
2,130
1,690
180,000
37,100
247
56,200
199,000
11,200
7,310
22,800
201,000
23,100
19,400
6,010
49
7,770
16,700
6
4
62
2
0
0
0
0
0
6,000
22,000
279
7
0
3
0
224
9
15,700
16,900
41
131,000
98
72,600
71,000
70
25,600
13,900
177
2,950
8
1
0
0
0
0
0
0
0
0
0
0
0
0
3
8
2
21,600
0
0
0
0
0
12,100
9,180
3
139
111,000
4,870
6,850
23,000
18,500
2,480
3,730
0
15,200
0
0
6
0
37,000
11,400
1,260
6,650
7,800
0
0
2,850
0
0
0
0
0
0
0
0
0
0
2,090
85,600
318,000
3,310,000
3,050
5
86
0
0
0
0
33,200
32,500
1,270,000
61,700
139,000
99,800
0
1
0
0
65,000
187,000
310,000
257,000
0
0
0
0
76,700
0
11,100
48
2,660
0
0
0
0
0
0
85
0
0
0
0
39,900
0
0
7,520
6,730
116
84,200
4,630
0
0
0
0
0
0
0
0
157,000
0
13,300
0
0
0
0
0
0
0
0
0
0
0
0
0
0
1
0
0
0
0
0
0
0
4
0
0
2,650
0
0
0
0
26,000
72,400
476,000
0
3,490
0
0
9,420
0
6,700
0
0
0
0
0
0
0
0
0
0
0
0
0
0
0
0
0
0
0
0
0
0
0
0
0
0
0
0
61,800
0
0
48,400
0
0
0
0
0
0
0
0
0
0
0
0
0
0
0
0
0
0
0
0
0
0
0
0
0
0
0
0
0
0
0
0
0
0
0
0
0
0
0
0
0
0
0
0
0
0
0
0
0
0
0
0
0
0
0
0
0
0
0
0
0
0
0
0
0
0
0
0
0
0
0
0
0
0
0
0
0
0
0
0
0
0
0
0
0
0
0
0
0
0
0
0
0
0
0
0
0
0
0
0
0
0
0
0
0
0
0
0
0
0
0
0
0
0
0
0
0
0
0
0
0
0
0
0
0
0
0
0
0
0
0
0
0
0
0
0
0
0
0
0
0
0
0
0
0
0
0
0
0
0
0
0
0
0
0
0
0
0
0
0
0
0
0
0
0
0
0
0
0
0
0
0
0
0
0
0
0
0
0
0
0
0
0
0
0
0
0
0
0
0
0
0
0
0
0
0
0
0
0
0
0
0
0
0
0
0
0
0
0
0
0
0
0
0
0
0
0
0
0
0
0
0
0
0
0
0
0
0
0
0
0
0
0
0
0
0
0
0
0
0
0
0
0
0
0
0
0
0
0
0
0
0
0
0
0
0
0
0
0
0
0
0
0
0
0
0
0
0
0
0
0
1,310,000
1,030,000
0
0
0
0
0
0
0
0
0
0
0
0
0
0
0
0
0
0
0
0
0
0
0
0
0
0
11,600
0
0
0
0
0
0
0
0
0
0
0
0
0
0
0
0
0
0
0
0
0
0
0
0
0
0
0
0
0
0
0
0
0
0
0
0
0
0
0
0
0
0
0
0
0
0
0
0
0
0
0
0
0
0
0
0
0
0
0
0
0
0
0
0
0
0
0
0
0
0
0
0
0
0
0
0
0
0
0
0
0
0
0
0
0
0
0
0
0
0
0
0
0
0
0
0
0
0
0
0
0
0
0
0
0
0
0
0
0
0
0
0
0
0
0
0
0
0
0
0
71,700
0
0
0
0
0
0
0
0
0
0
0
0
0
0
15,300
0
0
0
0
0
0
0
0
0
0
0
0
0
0
0
0
0
0
0
0
0
0
0
0
0
0
0
1,090
1
10
0
0
0
0
451,000
93,600
918
464
4,020
0
0
0
0
47,300
701,000
145,000
0
0
0
143,000
0
0
0
0
7,900
0
0
0
0
0
0
0
0
4,300
0
0
51,700
608
0
0
0
0
0
0
0
3,020
0
43,200
0
0
23,200
0
0
0
51,600
11,500
17,600
62,100
130,000
233,000
0
0
0
0
0
0
0
0
0
0
0
0
0
0
0
0
0
0
0
0
0
0
0
0
0
29
0
0
0
0
0
0
0
0
0
0
0
52,300
75,100
0
0
0
0
0
0
15,800
0
0
0
0
0
15,700
19,200
0
0
0
0
0
0
0
0
0
0
0
0
0
0
0
0
14,100
0
0
0
0
0
0
0
0
0
0
0
0
0
0
0
0
0
0
0
0
0
0
0
0
0
0
0
0
0
0
0
0
0
0
0
0
0
0
0
0
0
0
0
0
0
0
0
0
0
0
0
0
0
0
0
0
0
0
0
0
0
0
0
0
0
0
0
0
0
0
0
0
0
0
0
0
0
0
0
0
0
0
0
0
0
0
0
0
0
0
0
0
0
0
0
0
0
0
0
0
0
0
0
0
0
0
0
0
0
0
0
0
0
0
0
0
0
0
0
0
0
0
0
0
0
0
0
0
0
0
0
0
0
0
0
0
0
0
0
0
0
0
0
0
0
0
0
0
0
0
0
0
0
0
0
0
0
0
0
0
0
0
0
0
0
0
0
0
0
0
0
0
0
0
0
0
0
0
0
0
0
0
0
0
0
0
0
0
30,800
0
0
0
0
0
0
0
0
0
0
0
0
0
0
0
0
0
0
0
0
0
0
0
0
0
0
0
0
0
0
0
0
0
0
0
0
0
0
0
0
0
0
0
0
0
0
0
0
0
0
0
0
0
0
0
0
0
0
0
0
0
0
0
0
0
0
0
0
0
0
0
0
0
0
0
0
0
0
0
0
0
0
62,700
0
0
0
0
0
0
0
0
0
0
0
0
0
0
0
0
0
0
0
0
0
151,000
0
0
104,000
4,460
462
2,720
11,500
0
0
0
47,900
24,500
11,000
186,000
5
7,580
11,700
0
0
0
0
0
943
0
0
0
0
0
0
0
0
0
0
0
0
0
8
0
0
59,900
0
0
0
0
0
0
0
0
9
0
0
0
0
0
0
0
0
0
0
0
0
0
0
0
0
0
13,600
0
0
0
0
0
0
0
0
0
0
0
0
0
0
0
0
0
0
0
0
0
0
0
0
0
0
0
1,080,000
0
2
2,180
0
3,310
736
45,400
34,300
8,000
0
1
5,720
1
0
0
0
0
0
0
0
0
0
0
0
0
0
0
0
0
0
0
0
0
0
401,000
99,900
1,310,000
4,560
0
36,500
0
0
20,300
173,000
35,600
12,000
8,460
688
173,000
4,900
13,000
159,000
11,200
0
18,100
19,400
0
0
0
0
0
0
0
0
0
0
0
0
0
0
0
0
0
0
0
0
0
0
0
4,970
0
0
140
0
0
32,000
0
0
0
0
0
0
0
0
0
0
0
0
0
0
0
0
0
0
0
0
0
0
0
0
0
876
4
0
0
0
0
0
0
0
0
0
0
0
0
61,100
0
0
0
0
0
0
0
0
0
23,500
0
0
0
0
31,300
0
0
0
0
16,500
0
0
0
3,610,000
0
0
0
0
0
0
0
0
0
0
0
0
0
0
0
0
0
0
0
0
0
1,660
0
0
0
0
0
443,000
0
0
0
0
0
0
0
0
0
0
0
0
0
0
0
0
4,500
10,400,000
0
0
0
0
2,300
216,000
0
0
0
0
0
1,550,000
263,000
206,000
0
47
4,420
0
0
0
0
0
0
318,000
361,000
575,000
6,630
51,400
3,040
81,200
0
216,000
26,500
462,000
7,560
32,700
11,100
63,000
0
0
0
0
0
7,500
1,170
2,370
4
5
0
20,600
44,000
28,200
317,000
114,000
38,600
38,100
11,700
19,000
940,000
64,300
116,000
43,500
3,400
524,000
6,930
145,000
387,000
648,000
9,410,000
5,220
6,860
485,000
13,400
31,100
9,400
27,200
52,800
2,280
42,000
41,400
3,660
4,770
748,000
29,400
132,000
6,840
23,400
475,000
544
0
0
0
0
46,100
14,100
0
0
0
0
0
0
0
0
0
0
0
0
0
0
0
0
0
0
0
0
0
0
0
0
0
0
0
0
0
0
0
0
0
0
0
0
0
0
0
0
0
0
0
0
0
0
0
0
0
0
0
0
0
0
0
0
0
0
0
0
0
0
0
0
0
0
3
0
0
0
0
0
0
0
0
0
0
0
0
37,800
0
0
0
0
0
0
0
0
2,050
0
0
9
4,740
8,650
0
0
0
0
192
74,800
0
0
0
0
0
82
4,620,000
4,930
2,380,000
0
1
0
0
0
410
207
48,700
1
13,900
2,380
28,500
0
0
0
0
0
4,160
3,850
1,680
0
0
0
0
0
35,100
4,790
0
3
179,000
2,440
0
0
8,850
406
0
0
0
0
0
0
0
0
0
0
13,600
514
0
0
0
0
0
0
0
0
0
0
0
67,300
0
0
0
0
0
0
0
0
0
0
0
0
0
0
0
0
0
0
0
0
0
0
0
0
0
0
0
0
0
0
0
0
0
0
0
0
0
0
0
0
0
0
0
3,700
10,100
116,000
0
0
0
2,500
5,900
0
2
0
0
0
0
0
0
2,120
0
0
0
0
0
1,610
0
0
0
0
0
0
0
0
0
0
1,640
0
0
0
65,700
2
0
0
0
0
0
101,000
3
0
0
0
0
1
0
214
0
4
0
38,900
63,700
20,200
25,100
0
0
0
20,300
0
0
0
0
46,500
67,700
0
0
192,000
0
0
0
201,000
0
0
4
2,490
6,370
85
0
0
0
0
0
0
0
0
0
0
0
0
0
0
0
0
0
0
14,700
18,900
20,600
3,270
6,280
15,300
10,500
77,800
27,700
183,000
66,400
95,100
5,550
5,130
18,200
4
0
0
0
0
8,590
7
27,700
0
4
548
0
5
30,600
4
37,700
304,000
7
0
4,070
0
0
0
0
0
0
0
0
0
0
0
0
0
0
0
0
0
15,100
33,800
171,000
37,700
360,000
50
0
0
0
0
9
0
2,400
17,700
37,000
2,790
9,450
31,400
145,000
81,600
0
0
0
0
0
0
0
1
0
0
0
0
0
0
0
0
0
0
0
0
0
0
0
0
0
3,410
4
0
0
0
0
252,000
615,000
34,800
3,670
0
199
527
20,300
0
248
0
0
0
3,940
0
0
0
0
0
0
0
0
0
1,120
0
0
0
5,320
0
8
0
0
0
0
0
0
0
0
7,870
0
0
0
0
0
7
0
63,600
59,900
0
0
0
0
0
0
430,000
0
0
0
0
0
38,500
6,990
0
266,000
0
0
0
0
0
0
3
0
54,700
0
0
0
0
2
0
0
0
0
0
0
91,500
22,400
0
0
0
0
0
0
0
200
2
2,370
0
22,700
3,370
21,400
10,400,000
5,190
983,000
0
0
0
0
0
0
0
0
7,680
6,640
53
3,390,000
0
0
9,020
0
0
0
0
0
0
0
0
0
0
0
0
0
0
0
0
3
4,860
0
0
0
0
0
0
0
2,880
0
0
0
0
0
0
0
0
0
0
0
0
0
0
0
0
0
0
0
0
0
0
0
0
0
0
274
0
0
0
0
0
0
0
0
0
0
0
5,930
0
0
937
0
0
0
0
0
0
0
0
0
2,000
0
11,500
68,300
2
0
450,000
0
0
0
0
0
15,600
2,850
0
0
0
0
1,270
40
3
0
0
0
0
1,510
0
0
0
0
0
0
0
0
0
0
0
0
1,290,000
0
0
0
0
56,300
0
0
0
0
0
0
0
0
0
0
0
0
4
0
0
0
0
0
0
0
0
0
0
0
0
0
0
0
0
0
0
0
0
0
1,010
0
0
0
0
0
0
0
0
0
0
0
0
0
0
0
0
0
0
0
0
0
0
0
0
0
0
0
0
0
0
0
0
0
0
0
0
0
0
0
0
0
0
0
0
0
54,600
0
0
0
0
0
0
0
0
0
0
641,000
0
0
0
0
0
0
0
0
0
0
0
0
0
0
0
0
0
0
0
0
0
0
0
0
0
0
0
8,480
0
0
0
127,000
0
0
0
0
0
6,320
308,000
6,970
60,100
0
0
0
0
0
0
0
0
0
0
0
0
0
0
0
0
0
0
0
0
691,000
0
0
140,000
0
5,750
0
0
0
0
0
0
0
0
0
0
450,000
95,600
4,690,000
0
0
0
0
0
106,000
4,220
9,490
0
0
0
0
0
0
0
0
0
0
0
0
0
0
0
0
0
10,300
13,100
1
0
0
0
0
0
0
0
0
0
0
0
0
0
0
0
0
0
0
0
0
0
0
0
0
0
0
0
0
0
0
0
0
0
0
0
0
0
0
0
0
0
0
0
0
0
0
0
0
0
0
0
0
0
0
0
0
0
0
0
0
0
0
0
0
0
0
0
0
0
0
0
0
0
0
0
0
0
0
0
0
0
0
0
0
0
0
0
0
0
0
0
0
0
0
0
0
0
0
0
0
0
0
0
0
0
0
0
0
0
0
0
0
0
0
0
0
0
0
0
0
0
0
0
0
0
0
0
0
0
0
0
0
0
0
0
0
0
0
0
0
0
0
0
0
0
0
0
0
0
0
0
0
66,800
132,000
389,000
17,800
0
0
0
92,800
137,000
37,800
24,100
0
5
0
3
0
0
0
31,200
0
0
44,400
0
0
0
0
0
0
0
0
0
0
0
0
0
0
0
0
0
0
20,700
0
3,120
0
2
8
3,380
72
1
7,080
0
0
91,100
457,000
7,790
17,800
23,700
225,000
312,000
0
52,600
114,000
1
2
41,600
84
2
12,100
0
0
3,040
112,000
873
1,280
17,200
0
0
0
0
0
0
0
0
0
239
0
0
0
0
0
0
0
0
0
0
0
0
0
0
0
0
0
0
0
0
0
0
0
0
0
0
0
0
0
0
0
0
0
0
0
0
0
0
26,900
68,000
1,030,000
12,200,000
96,900
709,000
48,400
392,000
80,300
143,000
109,000
14,200
1,380,000
2,980
50,700
53,400
63,700
1,670,000
334,000
113,000
235,000
1,390,000
392,000
394,000
155,000
79,700
115,000
1,970,000
274,000
58,300
3,640,000
789,000
0
136,000
5,860
6,210
511,000
101,000
141,000
200,000
126
171,000
461,000
110,000
112,000
30,600
23,600
1,320,000
3,100,000
190,000
0
87,000
3,910
6,270
2
8,570
16,700
41,900
1
1
0
0
0
0
0
0
0
0
24,800
23,000
7,070
104,000
1,800,000
114,000
1
4
372
19,900
615
3
2,350
4
1,430
6,460
2,830
1
1
417,000
2,800,000
484,000
194,000
122,000
169,000
56,300
823,000
13,300
48,000
14,900
585,000
514,000
326,000
273,000
46,600
227,000
3,890
81,000
304,000
68,800
130,000
107,000
200,000
2
1,800,000
168,000
9
0
205
12,500
3
0
11,900
0
0
0
0
0
0
0
0
0
0
0
0
0
0
2
0
0
0
0
0
0
0
0
0
0
0
0
0
0
0
0
0
0
0
0
0
0
0
0
0
15,700
0
58,800
0
0
0
0
0
0
0
0
0
0
0
0
0
0
0
0
0
0
0
0
0
0
0
0
0
337,000
1,120,000
329,000
156,000
235,000
31,400
1,780
1,010,000
57,000
400,000
23,700
3,750,000
63,500
6,210
144,000
19,800
1,530,000
339,000
76,500
4
40,700
14,300
1,790,000
4,720
151,000
1,280,000
48,300
154,000
520,000
0
120,000
378,000
32,500
291,000
207,000
477,000
191,000
291,000
41,800
76,000
158,000
21,200
10,200
209,000
33,500
9,450
396,000
0
0
0
0
0
0
0
0
0
0
0
0
0
0
0
0
0
0
0
0
0
0
0
0
0
0
0
0
0
0
0
0
0
0
0
0
0
0
0
0
0
0
0
0
0
0
0
0
0
0
0
0
0
0
0
0
0
0
0
0
0
0
0
0
0
0
324,000
0
0
0
0
0
0
0
0
0
0
0
0
0
0
0
0
0
0
0
0
0
0
0
0
10,400
0
0
0
2,060
3,680
0
0
0
0
132
3,850
6,000
6,140
1,440
0
0
0
0
0
0
0
0
0
0
0
0
0
0
0
0
0
0
0
0
0
0
0
0
0
0
0
0
0
0
0
0
0
0
0
0
0
0
0
0
0
0
0
0
0
0
0
0
0
0
0
0
0
0
0
0
0
0
0
0
0
0
0
0
0
0
0
0
0
0
0
0
1
0
0
0
0
0
0
0
0
0
0
0
0
0
0
0
0
0
0
0
0
0
0
0
0
0
0
0
0
0
0
0
0
0
0
0
0
0
0
0
0
2,320
0
0
0
