0
0
0
0
0
0
0
0
0
0
0
0
727,000
0
0
0
0
1
0
3
1
0
0
0
0
0
0
0
0
0
0
0
0
0
0
0
0
0
0
0
0
0
0
0
0
0
0
0
0
0
0
0
0
0
0
0
0
0
0
0
0
0
0
0
0
0
0
0
0
0
0
0
0
0
0
0
0
0
0
0
0
0
0
0
0
0
0
0
0
0
0
0
0
0
0
0
0
0
0
0
0
0
0
0
0
0
0
0
0
0
0
0
0
0
0
0
0
0
0
0
0
0
0
0
0
0
0
0
0
0
0
0
0
0
0
0
0
0
0
0
0
0
0
0
0
0
0
0
0
0
0
0
0
0
0
0
0
0
0
0
0
0
0
0
0
0
0
0
0
0
0
0
0
0
0
0
0
0
0
0
0
0
580
1,240
77,600
0
0
0
0
0
0
0
0
0
0
0
0
0
0
0
0
0
0
0
0
0
0
0
0
0
0
0
0
0
0
0
0
0
0
0
0
0
0
0
0
0
0
0
0
0
0
0
0
0
0
0
0
0
0
0
0
0
0
0
3
70,500
0
0
0
0
0
0
0
0
0
0
0
0
0
0
0
0
0
0
0
0
690
0
264,000
9,460
24,400
11,300
0
0
0
0
0
0
0
0
0
0
0
0
0
0
0
0
0
0
0
0
0
0
0
3,090
0
54,500
2
2
193,000
5
0
0
0
0
0
0
0
0
26,400
13,400
29,600
12,400
2,820
388
0
0
0
0
0
0
0
0
0
0
0
0
0
0
1,160
0
0
0
0
0
0
0
0
0
0
0
0
0
0
0
0
0
0
0
0
0
0
0
0
0
0
0
0
0
0
0
0
0
0
0
0
0
0
0
0
0
0
0
0
0
0
0
0
0
0
0
0
0
0
0
0
0
0
0
0
0
0
0
0
0
0
0
0
0
0
0
0
0
0
0
0
0
0
0
0
0
0
0
0
0
0
0
0
0
0
0
0
0
0
0
0
0
0
0
0
0
0
0
0
0
0
0
0
0
0
0
0
0
0
0
0
0
0
0
0
0
0
0
0
0
0
0
0
0
0
0
0
0
0
0
0
0
0
0
0
0
0
0
0
0
0
0
0
0
1,140
0
0
0
0
0
0
0
1,210,000
18,600
0
0
0
0
0
0
0
0
0
0
0
0
0
0
0
0
0
0
0
0
0
0
0
0
0
0
0
0
0
0
0
0
0
0
0
0
0
0
0
0
0
0
0
0
0
0
0
0
0
0
0
0
0
0
0
0
0
0
0
0
0
0
0
0
0
0
0
0
0
0
0
0
0
0
0
0
0
0
0
0
0
0
0
0
0
0
0
0
0
0
0
0
0
0
0
0
0
0
0
0
0
0
0
0
0
0
0
0
0
0
0
0
0
0
0
0
0
0
0
0
0
0
0
0
0
0
0
0
0
0
0
0
0
0
0
0
0
0
0
0
0
0
0
0
0
0
0
0
0
0
0
0
0
0
0
0
0
0
0
0
0
0
0
0
0
0
0
0
0
0
0
0
0
0
0
0
0
0
0
0
0
0
0
0
0
0
0
0
0
0
0
0
0
0
0
0
0
0
0
0
0
0
0
0
0
0
0
0
0
0
0
0
0
0
0
0
0
0
0
0
0
0
0
0
0
0
0
0
0
0
0
0
0
0
0
0
0
0
0
0
0
0
0
0
0
254,000
0
0
0
0
0
0
0
0
0
0
0
0
0
0
0
0
0
0
0
0
0
0
0
0
0
0
0
0
0
0
0
0
0
0
0
0
0
0
0
0
0
0
0
0
0
0
0
0
0
0
0
0
0
0
0
0
0
0
0
0
0
0
0
0
0
0
0
0
0
0
0
0
0
0
0
0
0
0
0
0
0
0
0
0
0
0
0
0
0
0
0
0
0
0
0
0
0
0
0
0
0
0
0
0
0
0
0
0
0
0
0
0
0
0
0
0
0
0
0
0
0
0
0
0
0
0
0
0
0
0
0
0
0
0
0
0
0
0
0
0
0
0
0
0
0
0
0
0
0
0
0
0
0
0
0
0
0
0
0
0
0
0
0
0
0
0
0
0
0
0
0
0
0
0
0
0
0
0
0
0
0
0
0
0
0
0
0
0
0
0
0
0
0
0
0
0
0
0
0
0
0
0
0
0
0
0
0
0
0
0
0
0
0
0
0
0
0
0
0
0
0
0
0
0
0
0
1,950
0
0
0
0
0
0
0
0
0
0
0
0
0
0
0
0
0
0
0
0
0
0
0
0
0
0
0
0
0
0
0
0
0
0
0
0
0
0
0
0
0
0
0
0
0
0
0
0
0
0
0
0
0
0
0
0
0
0
0
0
0
0
0
0
0
0
0
0
0
0
0
0
0
0
0
0
0
0
0
0
0
0
0
0
0
0
0
0
0
0
0
0
0
0
0
0
0
0
0
0
0
0
0
0
0
0
0
0
0
0
0
0
0
0
0
0
0
0
0
0
0
0
0
4,390
0
0
0
0
0
0
0
0
0
0
0
0
0
0
0
0
0
0
0
0
0
0
0
0
0
0
0
0
0
0
0
0
0
0
0
0
0
0
0
0
0
0
0
0
0
0
0
0
0
0
0
0
0
0
0
0
0
0
0
0
0
0
0
0
0
0
0
0
0
0
0
0
0
0
0
0
0
0
0
0
0
0
0
0
0
0
0
0
0
0
0
0
0
0
0
0
0
0
0
0
0
0
0
0
0
0
0
0
0
0
0
0
0
0
0
0
0
0
0
0
0
0
0
0
0
0
0
0
0
0
0
0
0
0
0
0
0
0
0
0
0
0
0
0
0
0
0
0
0
0
0
0
0
0
0
0
0
0
0
0
0
0
0
0
0
0
0
0
0
0
0
0
0
0
0
0
0
0
0
0
0
0
0
0
0
0
0
0
0
0
0
0
0
0
0
0
0
0
0
0
0
0
0
0
0
0
0
0
0
0
0
0
0
0
0
0
0
0
0
0
0
0
0
0
0
0
0
0
0
0
0
0
0
0
0
0
0
0
0
0
0
0
0
0
0
0
0
0
0
0
0
0
0
0
0
0
0
0
0
0
0
0
0
0
0
0
0
0
0
0
0
0
0
0
0
0
0
0
0
0
0
0
0
0
0
0
0
0
0
0
0
0
0
0
0
0
0
0
0
0
0
0
0
0
0
0
0
0
0
0
0
0
85,500
0
0
0
0
0
0
0
0
0
0
0
0
0
0
0
0
0
0
0
0
0
0
0
0
0
0
0
0
0
0
0
0
0
0
0
0
0
0
0
0
0
0
0
0
0
0
0
0
0
0
0
0
0
0
0
0
0
0
0
0
0
0
0
0
0
0
0
0
0
0
0
369
0
0
0
0
0
0
0
0
0
0
0
0
0
0
0
0
0
0
0
0
0
0
0
0
0
0
0
0
0
0
0
0
0
0
0
0
0
0
0
0
0
0
0
0
0
0
0
0
0
0
0
0
0
0
0
0
0
0
0
0
0
0
0
0
0
11,200
0
0
0
0
0
0
0
0
0
0
0
0
0
0
0
0
0
0
0
0
0
0
0
0
0
0
0
0
0
0
0
0
0
0
0
0
0
0
0
0
0
0
0
0
0
0
0
0
0
0
0
0
0
0
0
0
0
0
0
0
0
0
0
0
0
0
0
0
0
0
0
0
0
0
0
0
0
0
0
0
0
0
0
0
0
0
0
0
0
0
0
0
0
0
0
0
0
0
0
0
0
0
0
0
0
0
0
0
0
0
0
0
0
0
0
0
0
0
0
0
0
0
0
0
0
0
0
0
0
0
0
0
0
0
0
0
0
0
0
0
0
0
2,600,000
0
0
0
0
0
0
0
0
0
0
0
0
0
0
0
0
0
0
0
0
0
0
0
0
0
0
0
0
0
0
0
0
0
0
0
0
0
0
0
0
0
0
0
0
0
0
0
0
0
0
0
0
0
0
0
0
0
0
0
0
0
0
0
0
0
0
0
0
0
0
0
0
0
0
0
0
0
0
0
0
0
0
0
0
0
0
0
0
0
0
0
0
0
0
0
0
354
0
0
0
0
0
0
0
0
0
0
0
0
0
0
0
0
0
0
0
0
0
0
0
0
0
0
0
0
0
0
0
0
0
0
0
0
0
0
0
0
0
0
0
0
0
0
0
0
0
0
0
0
0
0
0
0
0
0
0
0
0
0
0
0
0
0
0
0
0
0
0
0
0
0
0
0
0
0
0
0
0
0
0
0
0
0
0
0
0
0
0
0
0
0
0
0
0
0
0
0
0
0
0
0
0
0
0
0
0
0
0
0
0
0
0
0
0
0
0
0
0
0
0
0
0
0
0
0
0
0
0
0
0
0
0
0
0
0
2,610
1,390
4
4
39,400
2,940,000
39,000
0
0
0
0
0
0
0
0
0
0
0
0
0
0
0
0
0
0
0
0
0
0
0
0
0
0
0
0
0
0
0
0
0
0
0
0
0
0
0
0
0
0
0
0
0
0
0
0
0
0
0
0
0
0
0
0
0
0
0
0
0
0
0
0
0
0
0
0
0
0
0
0
0
0
0
0
0
0
0
0
0
0
0
0
0
0
0
0
0
0
0
0
0
0
0
0
0
0
0
0
0
0
0
0
0
0
0
0
0
0
0
0
0
0
0
0
0
0
0
0
0
0
0
0
0
0
0
0
0
0
0
0
0
0
0
0
0
0
0
0
0
0
0
0
0
0
0
0
0
0
0
0
0
0
0
0
0
0
0
0
0
0
0
0
0
83
543
9
0
0
0
0
0
0
0
0
0
0
0
0
0
0
0
0
0
0
0
0
0
0
0
0
0
0
0
0
0
0
0
0
0
0
0
7
63,700
0
0
0
0
0
0
0
0
0
0
0
0
0
0
0
0
0
0
0
0
0
0
0
0
0
0
0
0
0
0
0
0
0
0
0
0
0
0
0
0
0
0
0
0
0
0
0
0
0
0
0
0
0
8,490
3,590
130
0
0
0
0
0
0
0
0
0
0
0
10
3,980
8
0
0
0
0
0
0
0
0
0
0
0
0
0
0
0
0
0
0
0
0
0
0
0
0
0
0
0
0
0
0
0
0
0
0
0
0
0
0
0
0
0
0
0
0
0
0
0
0
0
0
0
0
0
0
0
0
0
0
0
0
0
0
0
0
0
0
0
0
0
0
0
0
0
0
0
0
0
0
0
0
0
0
0
0
0
0
0
0
0
0
0
0
0
0
0
0
0
0
0
0
0
0
0
0
0
0
0
0
0
0
0
0
0
0
0
435
0
0
0
0
0
0
0
0
0
0
0
0
0
0
0
0
0
0
0
0
0
0
0
0
0
0
0
0
0
0
0
0
0
0
0
0
0
0
0
0
0
0
0
0
0
0
0
0
0
0
0
0
0
0
0
0
0
0
8,320
211,000
0
30,000
336
0
0
0
0
0
0
0
0
0
0
0
0
0
0
0
0
0
0
0
0
0
0
0
0
0
0
0
0
0
0
0
0
0
2
31,300
0
0
0
0
0
0
0
0
0
0
0
0
0
0
0
0
0
0
0
0
0
0
0
0
0
0
0
0
0
0
0
0
0
0
0
0
0
0
0
0
0
0
0
0
0
0
0
0
0
0
0
0
0
0
0
9,700
0
0
0
0
0
0
0
0
0
0
0
0
0
0
0
0
0
0
0
0
0
0
0
0
2,320,000
2,430,000
123,000
49,700
48,600
17,500,000
24,300
1
0
0
0
0
0
0
0
0
0
0
0
0
0
0
0
0
13,800
0
0
0
0
0
0
0
0
0
0
0
0
0
0
0
0
0
0
0
0
0
0
0
0
0
0
0
0
0
0
0
0
0
0
0
0
0
0
0
0
0
1
0
0
0
0
0
0
0
0
0
37,300
0
0
0
0
0
0
0
6,200,000
0
0
0
0
0
0
0
0
0
0
0
0
0
0
0
0
0
0
0
0
0
0
0
0
0
0
0
0
0
0
0
0
0
0
0
0
0
0
0
0
0
0
0
0
0
0
0
0
0
0
0
0
0
0
0
0
0
0
0
0
0
0
0
0
0
0
0
0
0
0
0
0
0
0
0
0
0
0
0
0
0
0
0
0
0
0
0
0
1,780
30,800
0
0
0
32,700
4,830
47,900
36,400
16,100
0
0
0
0
0
0
118,000
6,680
190,000
1,360
6,350
0
0
0
0
0
0
0
0
0
0
0
0
0
0
0
0
0
0
0
0
0
0
0
0
0
0
0
0
0
0
0
0
0
0
0
0
0
0
0
0
0
0
0
0
0
0
0
0
0
0
0
0
0
0
0
0
0
0
0
0
0
0
0
0
0
0
0
0
0
0
0
0
0
0
0
0
0
0
0
0
0
0
0
0
0
0
0
0
0
0
0
0
0
0
0
0
0
0
0
0
0
0
0
0
0
0
0
0
0
0
0
0
0
0
0
0
0
0
0
0
0
0
0
0
0
0
0
0
0
0
0
0
0
0
0
0
0
0
0
0
0
0
0
0
0
0
0
0
8,250
3,480
1
2,140
61,500
0
0
0
80
4
3
1
0
0
0
0
0
0
7
322
0
0
0
0
0
0
0
0
0
0
0
0
0
0
0
0
0
0
0
0
0
0
0
0
0
0
0
0
0
5
1
0
0
0
0
0
0
0
0
0
0
0
43,900
1
0
2,120
0
0
0
0
0
0
0
0
0
0
0
0
0
0
2,400
29,600
1,410,000
0
0
0
0
0
0
0
0
0
0
0
0
0
0
0
0
0
0
0
0
0
0
0
0
0
0
0
0
0
0
0
0
0
0
0
0
0
0
0
0
0
0
0
0
0
0
0
0
0
0
0
0
0
0
0
0
0
0
0
0
0
9
0
0
0
0
0
0
0
0
0
0
0
0
0
0
0
0
0
0
0
0
0
0
0
0
0
0
0
0
0
0
0
0
0
0
0
0
0
0
0
0
0
0
0
0
0
0
0
0
0
0
0
0
0
0
0
0
0
0
0
0
30,200
11,100
862
31,200
0
1,530
1,560
22,700
3,680
153,000
1,930
6,180
6,490
42,600
0
0
0
0
0
0
0
0
0
0
0
0
0
0
0
0
0
0
0
0
0
0
0
0
0
0
0
0
0
0
0
0
0
0
0
0
0
0
0
0
0
0
0
0
0
0
0
0
0
0
0
0
0
0
0
0
0
0
0
0
0
0
0
0
0
0
0
527
0
0
0
0
0
0
0
0
0
0
0
0
0
0
0
0
0
0
0
0
0
0
0
0
0
0
0
0
0
0
0
0
0
0
0
0
0
0
0
0
0
0
0
0
0
0
0
0
0
0
0
0
0
0
0
0
0
0
433
0
0
0
0
0
0
0
0
0
0
0
0
0
0
0
0
0
0
0
130,000
0
79,600
0
63,500
344,000
0
0
0
0
0
0
0
0
0
0
33,600
0
0
9,530
106,000
5,350
6,850
14,700
0
0
42,700
0
25,800
0
737
8,160
1,150,000
1,010
0
0
0
0
0
0
0
0
0
0
0
0
0
0
0
0
0
0
0
0
0
0
0
0
0
0
0
0
0
0
0
0
0
0
0
0
0
0
0
0
0
0
0
0
0
0
0
0
0
0
0
0
0
0
0
0
0
0
0
0
0
0
0
0
0
0
0
0
0
0
0
0
0
0
0
0
0
0
0
0
0
0
0
0
0
0
0
0
0
0
0
0
0
0
0
0
0
0
0
0
0
0
0
0
0
0
0
0
0
0
0
0
0
0
0
0
0
0
0
0
0
0
0
0
0
0
0
0
0
0
0
0
0
0
0
0
0
0
0
0
0
0
0
0
0
0
0
0
0
0
0
0
0
0
0
0
0
0
0
0
0
0
0
0
0
0
0
0
0
0
0
0
0
0
0
0
0
0
0
0
0
0
0
0
0
0
0
0
0
0
0
0
0
0
0
0
0
0
0
0
0
0
0
0
0
0
0
0
0
0
0
0
0
0
0
0
0
0
0
0
0
0
0
0
0
58
0
0
0
0
0
0
0
0
0
0
0
0
0
0
0
0
0
74
0
0
0
20,600
11,900
44,900
2,500
16,200
17,000,000
2,280,000
266,000
361,000
114,000
4,230
4,430
9,670
33,500
37,800
3,640,000
1,510,000
3,390,000
5,150
11,800
57,300
132,000
5,230,000
536,000
3
62,000
0
0
210,000
0
0
29,900
19,100
0
31,400
35,700
10,400
121
10,300
10,100
2,570
0
193,000
2
0
10
0
0
710
8
1,700
1,920,000
50,900
305,000
41,700
2,740,000
67,700
1,380
0
23,500,000
149
385,000
168,000
131,000
45,700
3
0
0
1
14,300
230,000
155,000
121,000
0
130,000
0
499,000
1,640,000
296,000
2,500,000
6,030
0
40,600
0
0
0
0
0
0
0
0
0
0
0
0
0
0
0
0
0
0
0
0
0
0
0
0
0
0
0
0
0
0
0
0
0
0
0
0
0
0
0
0
0
0
0
0
0
0
0
0
0
0
0
0
0
0
0
0
0
0
0
0
9
39
2,300
209,000
0
8
12,600
2,990
169
0
25,000,000
8
0
0
7
0
10,200
1,090
6,430,000
28,500
0
0
0
0
0
0
0
0
0
0
0
0
0
0
0
0
0
0
0
0
0
0
0
0
0
0
0
0
0
0
0
0
0
0
0
0
0
0
0
0
0
0
0
0
0
0
0
0
0
0
0
0
0
0
0
0
0
0
0
1
0
0
0
0
0
0
0
0
0
0
0
0
0
0
0
0
0
0
0
0
0
0
0
0
0
0
0
0
0
0
0
0
0
0
9
2,210
0
4
0
0
0
0
0
0
0
0
0
0
0
1,020
0
0
0
0
0
0
0
0
0
0
0
0
0
0
0
0
0
0
0
0
29,400
113
0
0
0
0
0
0
0
0
0
0
0
0
0
0
0
0
25,700
58,900
0
0
0
36
0
0
0
0
0
0
0
0
0
0
0
0
0
0
0
0
0
0
0
0
0
0
0
0
0
0
0
0
0
0
0
0
0
0
0
0
0
0
0
0
0
0
0
0
0
0
0
0
0
0
0
0
0
0
0
0
0
0
0
0
0
0
0
0
1,850
0
2,280
1,040
4,600
0
1,810
19,000
0
0
0
0
0
0
0
0
0
0
0
0
0
0
0
0
0
0
0
0
0
0
0
0
0
138,000
0
0
0
0
0
0
0
0
0
0
0
0
0
0
0
0
0
0
0
0
0
0
0
0
0
0
0
0
0
0
0
0
0
0
0
0
0
0
0
21,700
0
0
0
0
0
0
0
0
0
0
0
0
0
0
5,120
1,980
82
12,300
107,000
41
203,000
1
148
6
410,000
1,200
1,300
102,000
0
11,300
0
0
0
0
0
0
0
0
0
0
0
25,200
0
0
16,100
77,200
0
0
0
0
0
0
0
0
80,900
0
0
0
13,200
5,180
0
0
0
0
0
0
0
0
0
0
0
0
0
0
0
0
0
0
0
0
0
0
0
0
0
0
0
0
633
886
69
0
0
0
0
0
0
0
0
0
0
0
0
0
0
0
0
26,900
15,900
1,220,000
22,200
0
32,700
1,520,000
43,900
0
0
0
0
0
0
0
0
0
0
0
0
0
0
0
0
0
0
0
0
192
0
0
0
0
0
0
0
0
0
0
0
0
0
0
0
0
0
0
0
0
0
0
0
3
4
5
37,600
6,110
4,010
0
7,280
102,000
868
0
0
2,590
0
3,020
1
1,040
0
7,780
541
2,290
2,130,000
352,000
2
1,640
0
0
2,600
5
1,630
0
20,600
109
613,000
8,660
2,350,000
1,480,000
3,080,000
227,000
266,000
210,000
426,000
7,010,000
7,300
0
289,000
49,300
0
57,100
3
1
0
0
469
5,730
2,010
5,050
8,220
0
0
0
0
0
0
0
0
0
0
0
0
8,470
6
1
0
0
0
0
0
0
0
0
0
0
0
0
0
0
0
0
0
0
0
0
0
0
0
0
0
0
0
0
0
0
0
0
0
0
0
0
0
0
0
0
0
0
81
0
0
0
0
0
0
0
0
0
0
0
0
0
0
0
0
0
0
0
0
0
0
0
0
0
0
0
2,630
0
0
0
0
0
0
0
0
0
0
0
0
0
8,800,000
0
0
0
0
0
0
0
0
0
0
0
0
0
0
0
0
0
0
0
0
0
0
0
0
0
0
0
0
0
0
0
0
0
0
0
0
0
0
0
0
0
0
0
0
2
1
0
0
0
0
0
0
0
0
0
0
0
0
0
0
0
0
0
0
0
0
0
0
0
0
0
2,490,000
10,300
3,480
2,520
31
130
51,700
0
1
0
0
471,000
1
4
0
0
0
0
0
0
0
0
0
0
0
0
0
0
0
0
0
0
0
0
0
0
59,400
2
292,000
53,300
0
365,000
23,600
0
0
0
0
0
0
0
0
0
0
0
0
0
0
0
0
0
0
0
0
0
0
0
0
0
0
0
0
0
0
0
0
0
0
0
0
0
0
0
0
0
0
0
0
0
0
0
0
0
0
0
0
0
0
0
0
0
0
0
0
0
0
0
0
0
0
0
0
0
0
0
0
0
0
0
0
0
0
0
0
0
0
0
0
0
0
0
0
0
0
0
0
0
0
0
0
0
0
0
0
0
0
0
0
0
0
0
0
0
0
0
0
0
0
0
0
0
0
0
0
0
0
0
0
0
0
0
0
0
0
0
0
0
0
0
0
0
0
0
0
0
0
0
0
0
0
0
0
0
0
0
0
0
0
0
0
0
0
0
0
0
0
0
0
0
0
0
0
0
0
0
0
0
0
0
0
0
0
0
0
0
0
0
0
0
0
0
0
0
0
0
0
0
0
0
0
0
0
0
0
0
0
0
0
0
1,480
53,300
97,200
0
0
0
0
0
0
0
0
0
1,300,000
36,800
0
0
0
490,000
24,300
71,800
219,000
199,000
88,100
619,000
417,000
6,260,000
0
0
0
0
0
0
0
0
0
0
0
0
0
0
0
0
0
0
0
0
0
0
0
0
0
0
0
0
0
0
0
0
0
0
0
0
0
0
0
0
0
0
0
0
0
0
0
0
0
0
0
0
0
180
0
0
0
0
0
0
0
0
0
0
0
0
0
0
0
0
0
0
0
0
0
0
0
0
0
0
0
0
0
0
0
0
0
0
0
0
0
0
0
0
0
0
0
0
0
0
0
0
0
0
0
0
0
0
0
0
0
0
0
0
0
0
0
0
0
0
0
0
0
0
0
0
0
0
0
0
6
0
0
1,220
4
4
4
49,600
6,440
9,320
35,100
5
3
0
0
3
5
9
1
8,220
0
3
0
46
2,800
6,700
472,000
11,700
1,090
2,040
10
1
6,540
0
0
0
0
0
0
0
0
0
0
0
0
0
0
0
0
0
0
0
0
0
0
0
0
0
0
0
0
0
0
0
0
0
0
0
0
0
0
0
0
0
0
0
0
0
0
0
0
0
0
0
0
0
0
0
0
0
0
0
0
0
0
0
0
0
0
0
0
0
0
0
0
0
0
0
0
0
0
0
0
0
0
0
0
29,100
11,500
0
0
0
0
0
0
0
0
0
0
0
86
108,000
27,700
14,200
4,000
5
90,800
20,300
30,100
0
0
0
0
0
0
0
0
0
0
0
0
0
0
0
0
0
0
0
0
0
0
0
0
0
0
0
0
0
0
0
0
0
0
0
0
0
0
0
0
0
0
0
0
0
0
0
0
0
0
0
0
0
0
0
0
0
0
0
0
0
0
0
0
0
0
0
0
0
0
0
0
0
0
0
0
0
0
0
0
0
0
0
0
0
0
0
0
0
16,700
145,000
98,000
43,100
61,700
76,900
0
2,150
144,000
985
460
0
0
135
2,070
0
5
73
9
0
0
0
0
0
0
0
0
0
0
0
0
0
0
0
0
0
0
0
0
0
0
0
0
0
0
0
0
0
0
0
0
768
0
11,500,000
0
0
0
0
0
0
0
0
1,410
0
0
0
0
0
0
0
0
0
0
0
0
0
0
0
0
0
0
0
0
0
0
0
0
0
0
0
0
0
9
2,930
0
0
0
3,810
0
0
0
0
0
0
0
0
0
0
0
0
0
0
0
0
0
0
0
0
0
11,500
4
3
11,000
0
88,100
9,190
381,000
2
1,520
9,710
0
4
0
5,040
9,300
14,100
2,780
637
7,140
4,740
0
4,810
0
0
0
0
0
0
0
0
0
0
0
0
0
0
0
0
0
0
4,810
0
0
0
0
0
0
0
0
0
0
0
0
0
0
0
0
0
0
0
0
0
0
0
0
0
0
0
0
0
0
0
0
0
0
0
0
0
0
0
0
0
0
0
0
0
0
0
0
0
0
0
0
0
0
0
0
0
0
0
0
0
0
0
0
0
0
0
0
0
0
0
0
0
0
0
0
0
0
0
0
0
0
0
0
0
0
0
0
0
0
0
0
0
0
0
0
0
0
0
0
0
0
0
0
0
0
0
0
0
0
0
0
0
0
0
0
0
0
0
0
0
0
0
0
0
0
0
0
0
0
0
0
0
0
0
0
0
0
0
0
0
0
0
0
0
0
0
0
0
0
0
0
0
0
0
5
4
2
0
1
0
0
0
0
0
0
0
0
0
0
0
0
0
0
0
0
0
0
0
0
0
0
0
0
0
0
0
0
0
0
0
0
0
0
0
6,560
0
0
0
0
0
0
0
0
0
0
0
0
0
0
0
0
0
0
0
0
0
0
0
0
0
0
0
0
0
0
0
0
0
0
0
0
0
0
0
0
2
0
0
7,670,000
32
0
0
0
0
0
0
9
84,500
0
0
0
0
0
0
0
0
0
0
0
0
0
0
0
0
0
0
0
0
0
0
0
0
0
0
0
0
0
0
0
0
0
0
0
0
0
0
0
0
0
0
0
0
0
0
0
0
0
0
0
0
0
0
0
0
0
0
0
0
0
0
0
0
0
0
0
0
0
0
0
0
0
0
0
0
0
0
0
0
0
0
0
0
0
0
0
0
0
0
0
0
0
0
0
0
0
0
0
0
0
0
117
0
0
0
0
0
0
0
0
0
0
0
0
0
0
0
0
0
0
0
0
0
0
0
0
0
0
10,100
0
0
0
0
0
0
1
0
0
110,000
4,650
30,600,000
68,400
0
0
0
31,700
11,600
0
0
0
0
0
0
0
0
0
0
0
0
0
0
0
0
0
0
0
0
0
0
0
0
0
0
0
0
0
0
0
0
0
0
0
0
0
0
0
0
0
0
0
0
0
0
0
0
0
0
0
0
0
0
0
0
0
0
0
0
0
0
0
0
0
0
0
0
0
0
0
0
0
0
0
0
0
0
0
0
0
0
0
0
0
0
0
0
0
0
34,100
0
0
4,850
0
0
2
158
0
0
0
0
0
0
0
0
0
0
0
7,380
9,250
21,600
0
0
0
0
0
0
0
0
0
0
0
0
0
0
0
0
0
0
0
0
0
0
0
0
0
0
0
0
0
0
0
0
0
0
0
0
0
0
0
0
0
0
0
0
0
0
0
0
0
0
0
0
0
0
0
0
0
0
0
0
0
0
0
0
0
0
0
0
0
0
0
0
0
0
0
0
0
0
0
0
0
0
0
0
0
0
0
0
0
0
0
0
0
0
0
58,200
74,900
213,000
7,210
30,800
789
0
0
0
0
0
0
0
0
0
0
0
0
0
0
0
0
0
0
0
0
0
0
0
0
0
0
0
0
0
0
0
0
0
0
0
0
0
0
0
0
0
0
0
0
0
0
0
0
0
0
0
0
0
0
0
0
0
0
0
0
0
0
0
0
0
0
0
0
0
0
0
0
0
0
0
0
0
0
0
0
0
0
0
0
0
0
0
0
0
0
0
0
0
0
0
0
0
0
0
0
0
0
0
0
0
0
0
0
0
0
0
0
2,420
0
0
0
0
0
0
0
0
0
0
0
0
0
5
0
0
6,020
16,600,000
1,120
1
5,600
3
70,600
0
0
0
8
2
1
1
1
348
94,600
191
97
189,000
4,200
2,420
2,690
101,000
668
49,500
61,800
5
31,400
275,000
671
3,760
89
68
2,180
18,400
17,500
49
948
20,900
108,000
213,000
55,800
72,300
2
13,700
5,580
6
164
0
0
350
34,800
0
0
0
11,400
1,940
766,000
2
0
14,400
230
0
0
62,800
6
0
0
0
0
0
0
0
0
0
0
0
0
0
0
0
0
0
0
0
0
0
0
0
0
0
0
0
0
0
62,100
3
864,000
57
1
170
0
25,200
8,670,000
376
26,100
16,700
39,800
3,480
498
8,200
3,390
5,550
0
0
0
0
5,250
0
1
0
597,000
21,200
23,200
352
11,700
2
824,000
3,490
6,780,000
41,100
398
297,000
93,600
48,000
9,360
126
8
120
564
13,200
67,800
691
72,500
12,000
135,000
1,720
2,370,000
4
1,730
65,500
986
150
0
6
0
0
0
0
0
0
0
0
5,920
0
0
0
0
0
0
0
0
0
0
0
0
0
0
0
0
0
0
0
0
0
0
0
0
334,000
15,900
19,900
8,920
10,800
0
2,120
0
0
0
0
0
0
0
0
0
0
0
0
0
0
0
0
0
0
0
0
0
0
0
0
0
0
0
49,900,000
126,000
0
0
0
0
0
0
0
0
0
0
0
0
0
0
0
0
0
0
0
0
0
0
0
0
0
0
0
0
0
0
0
0
0
9,660
87
840
763
0
579
2,470
55
15,300
1,240
754,000
0
0
0
0
0
0
0
0
1,900
8,840
0
0
0
0
0
0
0
0
0
0
0
0
0
0
0
0
0
0
0
0
0
0
0
0
0
0
0
0
0
0
0
0
0
0
0
0
0
0
0
0
0
0
0
0
0
0
0
0
0
0
0
0
0
0
0
0
0
730,000
915,000
42,500
1,710,000
74,400
700,000
39,100
530,000
2,500,000
176,000
21,200
9,420
196,000
399,000
68,600
43,500
470,000
163,000
281,000
126,000
175,000
240,000
110,000
76,200
37,900
1,100,000
826,000
20,600
98,400
6,920,000
1,240,000
1,120,000
342,000
1,880,000
315,000
1,350,000
0
94,100
8,940,000
1,370
499
16,300
34,600
2,780
443
5
46,500
0
7,590
11,600,000
9,840,000
26,200
10,800
13,300
3,880,000
3,800,000
0
0
10,600
0
8
55,800,000
161,000
8
46,800
9
9,820
8,530,000
0
0
20,400
110,000
13,200
3,670
742,000
2,170,000
2,250,000
0
44,500
0
130,000
0
117,000
151,000
1,410
249,000
171,000
0
0
60,000
0
0
0
0
0
0
0
0
0
0
0
0
0
0
0
0
8
74,800
1
85
1,420
0
0
0
0
0
0
0
0
0
0
0
0
0
0
0
0
0
0
0
0
0
0
0
0
0
0
0
0
0
0
0
0
0
0
1,690
0
0
0
0
0
0
0
0
0
0
0
0
0
0
0
0
0
0
0
0
0
0
0
0
0
0
0
0
0
0
0
0
0
0
0
0
0
0
0
0
0
0
0
0
0
0
0
0
0
0
0
0
0
0
0
0
0
0
0
1,410
0
0
0
0
0
0
0
0
0
0
0
0
0
0
0
0
0
0
0
0
0
0
0
0
0
0
0
0
0
0
0
0
0
0
0
0
0
0
0
0
0
0
0
0
0
0
0
0
0
0
0
0
0
0
0
0
0
0
0
0
0
0
0
0
0
0
0
0
0
0
0
0
0
0
0
0
0
0
0
0
0
0
0
0
0
0
0
0
0
0
0
0
0
0
0
0
0
0
0
0
0
0
0
0
0
0
0
0
0
0
0
0
0
0
0
0
0
0
0
0
0
0
0
0
0
0
0
0
0
0
0
0
0
0
0
0
0
0
0
0
0
0
0
0
0
0
0
0
0
0
0
0
0
0
0
0
0
0
0
0
0
0
0
0
0
0
0
0
0
0
0
0
0
0
0
0
0
0
0
0
0
0
0
0
0
0
0
0
0
0
0
0
0
0
0
0
0
0
0
0
0
0
0
0
0
0
0
0
0
0
0
0
0
0
0
0
0
0
0
0
0
0
0
0
0
0
0
0
0
0
0
0
0
0
0
0
0
0
0
0
0
0
0
0
0
0
0
0
0
0
0
0
0
0
0
0
0
0
0
0
0
0
0
0
0
0
0
0
0
0
0
0
0
0
0
0
0
0
0
0
0
0
0
0
0
0
0
0
0
0
0
0
0
0
0
0
0
0
0
0
0
0
0
0
0
0
0
0
0
0
0
0
0
0
0
0
0
0
0
0
0
0
0
0
0
0
0
0
0
0
0
0
0
0
0
0
0
0
0
0
0
0
0
0
0
0
0
0
0
0
0
0
0
0
0
0
0
0
0
0
0
0
0
0
0
0
0
0
0
0
0
0
0
0
0
0
0
0
0
0
0
0
0
0
0
0
0
0
0
0
0
0
0
0
0
0
0
0
0
0
0
0
0
0
0
0
0
0
0
6,070
5
0
0
0
0
0
0
0
0
0
0
0
0
0
0
0
0
0
0
0
18,000
0
0
0
0
0
0
0
0
0
0
0
0
0
0
0
0
0
0
0
0
0
0
0
0
0
0
0
0
0
0
0
0
0
0
0
0
0
0
0
0
0
0
0
0
0
0
0
0
0
0
0
0
0
0
0
0
0
0
0
0
0
0
0
0
0
0
0
0
0
0
0
0
0
0
4
0
0
0
0
0
0
0
0
0
0
0
0
0
0
0
1,420
306
0
545
0
0
0
512
16,500
0
0
0
0
0
0
0
0
0
0
0
0
0
0
0
0
0
0
0
0
0
0
0
0
0
0
0
0
0
0
0
0
0
0
0
0
0
0
0
0
0
0
0
0
0
0
0
0
0
0
0
0
0
0
0
0
289
0
0
0
0
0
0
0
0
0
0
0
0
0
0
0
0
0
0
0
0
0
0
0
0
0
0
0
0
0
0
0
0
0
0
0
0
0
0
0
0
0
0
0
0
0
0
0
0
0
0
0
0
0
0
0
0
0
0
0
0
0
0
0
0
0
0
0
0
0
0
0
0
0
0
0
0
0
0
0
0
0
0
0
0
0
0
0
0
0
0
0
0
0
0
0
0
0
0
0
0
0
0
0
0
0
0
0
0
0
0
0
0
0
0
0
0
0
0
0
0
0
0
0
0
0
0
0
0
0
0
0
0
0
0
0
0
0
0
0
0
0
0
0
0
0
0
0
0
0
0
0
0
0
0
0
0
0
0
0
88,200
0
0
0
0
116,000
21,800
0
0
50,700
0
0
2,770,000
252,000
0
1,260
239
0
0
0
0
0
0
0
0
0
0
0
0
0
0
0
0
0
0
0
0
0
0
0
0
0
0
0
0
0
0
0
0
0
0
0
5,980
5
64,500
0
0
0
0
0
0
0
0
0
0
0
0
0
0
0
0
0
0
0
0
0
0
0
0
0
0
0
0
0
0
0
0
0
0
0
0
0
0
0
0
0
0
0
0
0
0
0
0
0
0
2,920
0
0
0
0
0
0
0
0
0
0
0
0
0
0
0
0
0
0
0
0
0
0
0
0
0
0
0
0
0
0
0
0
0
0
0
0
0
0
0
0
0
0
0
0
0
0
0
0
0
0
0
0
0
0
0
0
0
0
0
0
0
0
0
0
0
0
0
0
0
0
0
0
0
0
0
0
0
0
0
0
0
0
0
0
0
0
0
0
0
0
0
0
0
0
0
0
0
0
0
0
0
0
0
0
0
0
0
0
0
0
11,100
0
0
0
0
0
0
0
13,800,000
31,500
1
0
2
0
25,000
20,400
0
0
0
0
0
0
0
0
0
1,840
0
0
0
0
0
0
0
0
0
0
0
0
0
0
0
0
0
0
0
0
0
0
0
0
0
0
0
0
0
0
0
0
0
0
0
0
0
0
0
0
0
0
0
0
0
0
0
0
0
0
0
0
0
0
0
0
0
0
0
0
0
0
0
0
0
0
0
0
0
0
0
0
0
0
0
0
0
0
0
0
0
0
0
0
0
0
0
0
0
0
0
0
0
0
0
0
3
0
0
0
0
0
0
0
0
19,000
0
0
3,660
0
130
49,200
29,800
7
0
0
0
0
0
0
0
0
0
0
7,840
77,900
8
18,400
0
72,500
4,240
976
9,100
198
2,110
0
0
0
0
0
0
0
0
0
0
0
0
0
0
0
0
0
0
0
0
0
0
0
0
0
0
0
0
0
0
0
0
0
0
0
0
0
0
0
983
577,000
1,390
304
49
45,400
6,450
5,680,000
27,100
80
0
221
12,900
828,000
5,440
48
0
6
1
1,920
4,320
0
0
0
0
16,200
3,220
452
20
36,800
106
0
0
0
11,700
97
154,000
38,800
16,200
184,000
113,000
15,600
83,600
182,000
17,100
73,400
288,000
69,100
835,000
140,000
11,300
41,100
72,600
709,000
63
64,400
3,890
71,300
0
8
3
1
9
164,000
4
7,930
0
88,100
8,460
4
5
0
0
0
113,000
36,800
72,300
192,000
0
0
0
640,000
5,050
2,090
2,010
2
1,470,000
2,740
0
9
6,870
5,540
0
14,800
59,000
1
2
364
9
53,600
3,120
42,600
77,000
28,400
40,600
4,960
275,000
30,300
68,300
11,900
65,900
2,340
24,500
235,000
13,200
98,500
47,900
1
27,500
0
36,800
9,670
280
0
0
0
437,000
29,100
38,500
0
111,000
3,420
28,500
43,600
4
9
35,000
9,270
80
0
0
0
0
0
0
0
0
0
0
0
0
0
0
0
12,700
2,420
17,200
163
13,300
0
2
6,570
3
1,630
15,100
2
105,000
20,500
74,300
37,600
582,000
4,490,000
0
0
0
0
0
0
0
0
0
0
0
0
0
0
0
0
0
0
0
0
0
0
0
0
0
0
0
0
0
0
0
0
0
0
0
3,640
0
0
0
0
0
0
0
0
0
0
0
0
0
0
0
0
0
0
0
0
2
0
0
0
0
0
0
0
0
0
2,770
0
0
0
0
0
0
0
0
0
0
7
0
0
0
0
0
0
0
0
7
0
0
5
2,120
0
0
0
0
0
0
0
0
0
0
0
0
0
0
0
0
0
0
0
0
0
0
0
0
0
0
0
0
0
0
0
0
0
0
0
0
0
0
0
0
0
0
0
0
0
0
0
0
0
0
0
0
0
0
0
0
0
0
0
0
0
0
0
0
0
0
0
0
0
0
0
0
0
0
0
0
0
0
0
0
0
0
0
0
0
0
0
0
0
0
0
0
0
0
0
0
0
0
0
0
0
0
0
0
0
0
0
0
0
0
0
0
0
0
0
0
0
0
0
0
0
0
0
0
0
0
0
0
0
0
0
0
0
0
0
0
0
0
0
0
0
0
0
0
0
0
0
0
0
0
0
0
0
0
0
0
0
0
0
0
0
0
0
0
0
0
0
0
0
0
0
0
0
0
0
0
0
0
0
0
0
0
0
0
0
0
0
0
0
0
0
0
0
0
35
0
6
0
2,430
24,900
6
6
4,900
5,970
7,320
1
2,580
6,060
4
1,340
3
41
404
239
7
0
0
26,200
8,450
27,200
4,320
0
10
8
0
0
0
0
0
0
0
0
0
0
0
0
0
0
0
0
0
0
0
0
0
0
0
0
0
0
0
0
0
0
0
0
0
0
0
0
0
0
0
0
0
0
0
0
0
0
0
0
0
0
0
0
0
0
0
0
0
0
0
0
0
0
0
0
0
0
0
0
0
0
0
0
0
0
0
0
0
0
0
0
0
0
0
0
0
0
0
0
0
0
0
0
0
0
0
0
0
0
0
0
0
0
0
0
0
0
0
0
0
0
0
0
0
0
0
0
0
0
0
0
0
0
0
0
0
0
9,270
0
0
0
0
0
0
0
0
0
0
0
0
0
0
0
0
0
0
0
0
0
0
0
417
0
0
0
0
0
0
0
0
0
0
0
0
0
0
0
0
0
0
0
0
0
0
0
0
0
0
0
0
0
0
0
0
0
0
0
0
0
0
0
0
0
0
0
0
0
0
6,200
29,100
0
0
0
0
0
0
0
0
0
0
0
0
0
0
0
0
0
0
0
0
0
0
0
0
0
0
0
0
0
0
0
0
0
0
0
0
0
0
0
0
0
0
0
0
0
133,000
1,040,000
0
344,000
1
0
0
0
0
0
0
0
0
0
0
0
0
0
0
0
0
0
0
0
0
0
0
0
0
0
0
0
0
0
0
0
0
0
0
0
0
0
0
0
0
0
0
0
0
0
0
0
0
0
0
0
0
0
0
0
0
0
0
0
0
0
0
0
0
0
0
0
0
0
0
0
0
0
0
0
0
0
0
0
0
0
0
0
0
0
0
0
0
0
0
0
0
0
22,900
0
0
0
0
0
0
0
0
0
0
0
0
0
0
0
0
0
0
0
0
0
0
0
0
0
0
0
0
0
0
0
0
0
0
0
0
0
0
0
0
0
0
0
0
0
0
0
0
0
0
0
0
0
0
0
0
0
0
0
0
0
1,920,000
287,000
0
4,280
54,700
62,400
147,000
82,900
426,000
172,000
34,100
1,780,000
14,900
1,920
49,200
4,660
2,200
91,700
180,000
290,000
72,400
4,310
18,000
9,070
7,400
80,300
142,000
0
0
0
0
212
18,100
13,900
9,560
0
0
0
7
0
0
0
0
0
0
0
0
0
0
0
0
0
0
2
102
0
0
0
0
33,600
0
0
0
0
0
8
975
601
0
165
6
2
0
4
65
339
247,000
254,000
274,000
750
5,780
3,380
6,250
34,100
25,800
745
62,400
4
8,350
29,100
18,200
8,630
0
105,000
4,600
9
10,100
1
9
9
344
5,360
4
6
0
2,320
3,030
1,370
12,600
6,300
1,040
6,570
41,100
7,940
3,630
0
2,200
2,250
125
0
42,400
8,160
0
9
1,460
77,000
3,420
2,600
10,300
3,480
1
15,800
83,900
1
0
278
27,000
19,500
1
7,540
941
6,600
1,040
183
0
21
1,290
16
3,030
0
123,000
65,900
369,000
0
0
0
0
0
0
0
0
0
0
0
0
0
0
0
0
0
0
0
0
0
0
0
0
0
0
0
0
0
0
0
24,500
0
0
12,900
131,000
0
2,380
0
0
0
0
0
0
6
0
0
2,700
0
0
0
0
0
0
0
0
0
0
0
0
0
0
0
0
0
0
0
0
0
0
0
0
0
0
0
0
0
0
0
0
48,200
8
6
8,280
278,000
155
0
7,570
51,300
4
0
10
0
0
0
0
0
0
0
0
0
0
0
0
0
0
0
0
0
0
0
0
0
0
0
0
0
0
0
0
0
0
0
0
0
0
0
0
0
0
0
0
0
0
0
0
0
0
0
1
0
315,000
0
0
0
0
0
0
0
0
0
0
0
0
0
0
0
0
0
0
0
0
0
0
23,500
1,560
11,400
17,900
0
0
484
0
0
0
0
0
0
0
0
0
0
0
0
0
0
0
0
0
0
0
0
0
0
0
0
0
0
0
0
0
0
0
0
0
0
0
0
2
0
0
0
0
0
0
0
0
0
0
0
0
0
0
0
0
0
0
0
0
0
0
0
0
0
0
0
186
1,330
1
2,270
1,210
17,800
6,460
6,180
240
6,650
1,490
94,800
0
0
0
0
0
0
0
0
0
0
6,630
0
350
0
0
0
0
0
0
0
0
0
0
0
0
0
0
0
0
0
0
0
0
0
0
0
0
0
0
0
0
0
0
0
0
0
0
0
0
0
0
0
0
0
0
0
0
0
0
0
0
0
0
0
0
0
0
0
0
0
0
0
0
0
0
0
0
0
0
0
0
0
0
0
0
0
0
0
0
0
0
0
0
0
0
0
0
0
0
0
0
0
0
0
0
0
0
0
90,800
0
0
0
0
0
0
0
0
0
0
0
0
0
0
0
0
0
0
0
0
7
0
18,500
15,200
14,400
20,600
665,000
575
20,500
23,900
59,800
0
0
0
0
0
0
0
0
766
1,660
62,400
2
165
346
15,600
55,500
3,000
0
0
5
0
0
0
36,300
5,460
12,400
521
49,800
7,310
98,000
16,700
68
1,490
1,230
2,390
42,000
83,300
267,000
21,200
2
49
0
27,600
0
89
2,260
0
0
0
0
0
0
0
0
0
0
0
0
0
0
0
0
0
9,640
1,140,000
98
2
226
32,400
1,030
0
0
0
74,200
7,920
384
0
0
8,450
13,500
0
0
38,100
62,900
3
43,200
5,690
977,000
2,090
43,600
1
101,000
106,000
1,060
737
515,000
9,250
1,810
4
2
0
0
1,310
0
3
11,400
5
319,000
113,000
42,000
713
88,300
1,060,000
1,280,000
12,400
313,000
237,000
44,500
35,200
288,000
49,500
188,000
26,200
595,000
1,900,000
6
6,320
19,900
0
51,500
54,800
91,000
325,000
50,500
37,700
86,300
0
33,900
22,300
6,550
14,600
0
0
0
0
0
0
0
0
0
0
0
0
0
0
0
0
0
0
0
0
0
0
0
0
0
0
0
0
0
0
0
0
0
0
0
0
0
0
0
0
0
24,300
0
0
0
0
0
0
0
0
0
0
0
0
0
0
0
0
0
0
0
0
0
0
0
0
0
0
0
0
0
0
0
0
0
0
0
0
0
0
0
0
0
0
0
0
0
0
0
0
0
0
0
0
0
0
0
0
0
0
0
0
0
0
0
0
0
0
0
0
0
0
0
0
0
0
0
0
0
0
0
0
0
0
0
0
0
0
0
0
0
0
0
0
0
0
0
0
0
0
0
0
0
0
0
0
0
0
0
0
0
0
0
0
0
0
0
0
0
0
0
0
0
0
0
0
0
0
0
0
0
0
0
0
0
0
0
0
0
0
0
0
0
0
0
0
0
0
0
0
0
0
0
0
0
0
0
0
0
0
0
0
0
0
0
0
0
0
0
0
0
0
0
0
0
0
0
0
0
0
0
0
0
0
0
0
0
0
0
0
0
0
0
0
0
0
0
0
0
629
0
0
0
0
0
0
0
14,400
37,200
0
2,800
0
0
0
0
0
0
0
0
0
44,300
6,260
64,200
1,060,000
1,090,000
0
0
54,400,000
0
18,900
75,100
0
6,870
81,800
509,000
136,000
193,000
425,000
306,000
429,000
1,070,000
676,000
174,000
9
17,500
0
0
0
0
0
0
0
0
0
0
0
0
0
0
0
0
0
0
0
0
0
0
0
0
0
0
6
16,000
223
0
92,700
1
0
0
0
0
0
0
0
0
0
0
0
0
0
0
0
0
0
0
0
0
5,390
117,000
69,800
1
12,900
19,400
97,800
0
37,700
0
0
0
0
0
0
0
0
0
0
0
0
0
0
0
0
0
0
0
0
0
0
0
0
0
0
0
0
0
0
0
0
0
0
0
0
0
0
0
0
0
0
0
0
0
0
0
0
0
0
0
0
0
0
0
0
0
0
0
0
0
0
0
0
0
1
0
2
0
0
0
0
0
0
0
0
0
0
0
0
0
0
0
0
0
0
3,210
0
0
0
0
0
0
0
0
0
0
0
0
0
0
0
0
0
0
0
0
0
0
0
0
0
0
0
0
0
0
0
0
0
314,000
3
6,190
13,000
43,000
0
0
0
59,500
20,000
86,600
28,000
0
0
0
0
0
0
6,590
0
21,900
9
7
3,880
0
3,340
0
0
0
0
0
864
0
0
0
0
0
0
0
0
0
0
0
0
0
0
0
0
0
9,870
6,120
339,000
2,050,000
18,400
123,000
0
0
119,000
0
0
0
13,800
78,300
42,900
0
0
0
0
1,350,000
258,000
297,000
0
0
86,100
64,500
87,700
46,800
96,400
143,000
838,000
0
0
0
0
0
0
0
0
0
0
0
0
0
0
0
0
0
0
0
0
0
0
0
0
0
0
0
0
0
0
0
0
0
0
0
0
0
0
90,400
0
0
2
0
0
38
6
0
0
0
0
0
0
0
0
0
0
0
0
0
0
0
0
0
0
0
0
0
0
0
0
0
0
0
0
0
0
0
0
0
0
0
0
0
0
0
0
0
0
0
0
0
0
0
0
0
0
0
0
0
0
0
0
0
0
0
0
0
0
0
0
0
0
0
0
0
0
0
0
0
0
0
0
0
0
0
0
0
0
0
0
0
0
0
0
0
0
0
0
0
0
0
0
0
0
0
0
0
0
0
0
0
0
0
0
0
0
0
0
0
0
0
0
0
0
0
0
0
0
0
0
0
0
0
0
0
0
0
0
0
3,010,000
0
0
0
0
0
0
0
0
0
0
0
0
0
0
0
0
0
0
0
0
0
0
0
0
0
0
0
0
0
0
0
0
0
0
0
0
0
0
0
0
0
0
0
0
0
0
0
0
0
0
303,000
0
568,000
0
0
0
0
0
0
0
0
0
0
0
0
0
0
0
0
0
31,600
0
0
0
0
0
11,000
0
7,150
33,100
992
0
0
0
0
0
0
0
0
0
0
0
0
0
0
0
29,400
0
0
0
0
0
0
0
0
0
0
0
0
0
0
0
0
0
0
0
0
0
0
0
0
0
0
0
0
0
0
0
0
0
0
0
0
0
0
0
0
0
0
0
0
1
0
0
10,700
21,700
0
7
0
51,500
13,300,000
8
10,500
8,870
70,000
58,500
71,000
41,100
6,000
15,500
421,000
5,780
23,500
77
4,000
31,300
1,050,000
2,270
49
1
801
0
2
9
136,000
0
0
89
0
200
5
3
0
3,460
2,830
9,380
349
0
168,000
8,230
2
19,900
3,910
88,500
12,500
590,000
6,300
90,000
196,000
1,250,000
27,000
264,000
10,900
29,600
2,540
33,000
8,490
69,100
83,400
188,000
10,000
2,240
476,000
186,000
1,100
1,190
283,000
15,300
111,000
259,000
309,000
18,000
4,660
82,500
30,700
186,000
31,300
51,300
869,000
58
27,500
18,300
1
9
509,000
2,980
2
36,300
5
1,680
6,470
9
552,000
0
0
0
172,000
0
13,000
4
36,100
7
83
1
0
4
1,290
90,000
2
9
8
1
189
2,640
4,170
8,270
4,510
1,580
3,220
1
895
1,350
2
1,330
22,500
0
58
2
6
175
283
0
46
1,690
2,200
11,200
7,630
189,000
132,000
233,000
126,000
172,000
8,560
17,000
44,900
31,800
89,000
1,250
32,100
292,000
3,350
179,000
30,100
25,600
36,300
323,000
33,300
312,000
23,100
28,100
10,400
1,070
5,390
163,000
42,200
13,200
300,000
1,840
281,000
227,000
72,200
37,000
3,100
115,000
421,000
23,800
46,000
735
16,800
32,500
18,800
4
120,000
7,710
3,950
5,140
135,000
2,870
99,600
8,210
9
11,000
130,000
156,000
125,000
5,680
8,870
928
1,780
145,000
148,000
3,580
19,700
102,000
79,200
69,900
22,400
305,000
31,300
188
21,200,000
13,000
18,000
179,000
2
4,630
940
1,450
167
135
3
75
0
5
191,000
0
2,590
11,100
0
2,490
42,600
3
8
4,480
54,800
2
0
2
1
404
4
31
3,640
1,250
163
1,190
9,820
4,740
4,910
42,800
3,070
730
89
43
1
1,690
0
0
0
0
0
0
0
0
0
0
0
0
0
9
0
0
1,700
1
0
71,700
2,300
7,260
17,600
66,400
1,440
42,000
1,660
2,970
2
754,000
35
1,270,000
65,000
3,960
0
0
0
0
0
0
0
0
0
0
0
0
0
0
0
0
0
0
0
0
0
0
0
0
0
0
0
0
0
0
0
0
0
0
0
0
0
0
0
0
0
0
0
0
0
0
0
0
0
0
0
0
0
0
0
0
0
0
0
0
0
0
0
0
0
0
0
0
0
0
0
0
0
0
0
0
0
0
0
0
0
0
0
0
0
0
0
0
0
0
0
0
0
0
0
0
0
0
0
0
0
12,700
0
51,700
0
0
0
480,000
6,300
0
3,650
4,910
42
0
1
183,000
0
0
0
0
0
208,000
0
0
0
0
0
0
297
1
2
0
0
0
0
0
0
0
0
0
0
0
0
0
0
0
0
0
0
0
0
0
0
0
0
0
0
0
0
7
43,000
0
0
0
0
0
0
0
0
0
0
0
0
0
0
0
0
0
0
0
0
0
0
0
0
0
0
0
0
0
0
0
0
0
0
0
0
0
0
0
0
0
0
0
0
0
0
0
0
0
0
0
0
0
0
0
0
0
0
0
0
0
0
0
0
0
0
0
0
0
0
0
0
0
0
0
0
334,000
0
0
0
0
0
0
0
186,000
0
0
0
502,000
0
0
28,200
26,500
0
0
0
0
0
72,000
0
0
0
0
0
0
0
0
0
0
0
0
0
257
0
0
0
0
0
0
0
0
0
0
0
0
0
0
0
0
227
20,500
130,000
8
0
0
0
0
0
0
0
0
0
55,000
24,500
0
2
0
0
30
934
478,000
9,560
3,160
15,300
51,300
3,010
19,400
3,090
4,200
73,300
7,150
165
12,000
13,000
50,800
817
16,700
9
6
23,100
2
218
15,600
130,000
7
745
7
151,000
3
174,000
1,270
2,520
776
1
16,900
0
6,950
7,610
4,910
967
13,400
1,320
552
3,440
5,270
56,700
1,180
4
26,300
40,200
4,160
467
8,190
4,760
52,600
12,500
73,100
69
102,000
18,500
34,600
43,300
1,050
187,000
22,300
2,520
86,000
40,900
20,200
8,990,000
7,580
8,190
121,000
43,100
609,000
188
2,790
2,100
60,000
6,760
320,000
76,500
66,200
1,720
7,070
75,100
224,000
4,380
74,100
105,000
75,300
8,700
966,000
72,800
39,100
6
156,000
4,710
37,700
0
0
4
16,600
3
13,600
361
307
8,530
3,840
164,000
10,500
1,360
1,630
195
1
89
25,000
42,800
15,000
5,390
26,800
7
3
0
180
184,000
251,000
1
3
357
1,600
4
26,800
1,890
64,400
0
103,000
88,100
38,700
67,700
5,080
11,900
132,000
91,600
5
9,410
11,400
101,000
9,370
175,000
9
7
5
2,000
1,080
13,900
0
8
384
1,920
5
3,300
3,920
2
0
7
1,760
6
4
6
31,800
7,930
3,830
2,930
2,490
884
1,560
0
29,100
255,000
4,740
1,840
15,700
3,040
5,410
194,000
286,000
58,300
7
156,000
317,000
12,800
63,600
105,000
353,000
47,800
127,000
8,590
58,400
6,690
66,100
5,030
7,760
472
2,450
166,000
3,740
311,000
45,100
77
70,400
20,600
8
54,200
143,000
1,990
62,600
52
321,000
29,400
35,300
608,000
217,000
2,770,000
7,680
40,200
69,600
2,720
51
66
0
0
153,000
2
171,000
6
0
6
2
7
0
7
1
2
49,800
28,100
0
0
0
1,370
727
777
6,830
4,800
9,930
12,800
1,690,000
621
26,600
5,610
0
0
0
0
32,000
36,100
2,620
3,400
5,210
116
47,100
1
1,110,000
0
4
0
0
0
0
0
0
0
0
0
0
0
0
0
0
0
0
0
0
0
0
0
0
0
0
0
0
0
0
0
0
0
0
0
0
0
0
0
0
0
0
0
0
0
18,100
0
0
0
0
0
0
0
0
780
11,300
21,300
18,600
0
0
0
11,600
0
0
0
0
0
0
0
0
0
0
0
0
0
0
0
0
0
0
0
0
0
0
0
0
0
123,000
120,000
1,520
33,100
241,000
50
227
73,400
599,000
0
0
0
8,310
0
0
0
0
0
0
0
0
0
0
0
0
0
0
0
0
0
0
0
0
0
0
0
0
0
2
540,000
1,590,000
0
0
0
0
0
0
0
0
0
0
0
0
0
0
0
1
0
0
0
0
0
0
0
0
0
0
0
0
0
0
0
0
0
0
0
0
0
0
35
0
688
1,130
0
0
0
0
0
0
0
0
0
0
0
0
0
0
0
0
0
0
0
0
0
0
0
0
0
0
0
6
0
0
0
0
0
0
0
0
0
0
0
0
0
0
0
0
0
0
0
0
0
0
0
0
0
0
0
0
0
0
0
0
0
0
0
0
0
0
0
0
0
0
0
0
0
0
0
0
0
0
0
0
0
0
0
0
0
0
0
0
434
55,400
1,380
632,000
375,000
87,900
138,000
69,800
62,400
24,600
3
11,600
621
95
0
0
0
0
0
0
0
0
0
0
0
35
0
0
0
0
1,350,000
90,000
1,130,000
0
0
0
2
0
0
0
0
0
0
0
0
0
0
0
0
0
0
0
0
0
0
0
0
0
0
0
0
0
0
0
0
0
0
0
0
0
0
0
0
0
0
0
0
0
0
0
0
0
0
0
0
0
0
0
0
0
0
0
0
0
0
0
0
0
0
0
0
0
0
0
0
0
0
0
0
0
0
0
0
0
0
0
0
0
0
0
0
0
0
0
0
0
0
0
0
0
0
0
0
0
0
0
0
0
0
0
93,700
0
0
0
6,090
0
2,240
1
1
0
0
0
389,000
0
0
24,000
0
2,340,000
33
4,910
5,960
0
51,500
1,480,000
2,050
831
0
0
0
0
0
0
0
0
0
0
0
0
0
0
0
0
0
0
0
0
0
0
0
0
0
0
0
0
0
0
0
0
0
0
0
0
0
0
0
0
0
0
6,090
0
0
0
0
0
0
0
0
0
0
0
0
0
0
0
0
0
0
0
0
0
0
0
0
0
0
0
0
0
0
0
0
0
0
0
0
0
0
0
0
0
0
0
0
0
0
0
0
0
0
0
0
0
0
0
0
0
0
0
1
6,870
20,000
0
0
0
0
0
0
0
0
0
0
0
0
0
0
0
0
0
0
0
0
0
0
0
0
0
0
0
0
0
0
0
0
0
0
0
0
0
0
0
0
0
0
0
0
36
312
84,200
0
8
0
0
2,660
7,360
9,320
48,200
116,000
46,300
4,940
0
0
0
0
0
0
0
0
0
0
0
0
0
0
0
0
0
0
0
0
0
0
0
0
0
0
0
0
0
0
0
0
0
0
0
0
0
0
0
0
0
0
0
249
0
0
0
0
0
0
0
0
0
0
0
0
0
0
0
0
0
0
0
0
0
0
0
0
0
0
0
0
0
0
0
0
0
0
0
0
0
0
0
0
0
0
0
0
0
0
0
0
0
0
0
0
0
0
0
0
0
0
0
0
0
0
0
0
0
0
0
0
0
0
0
0
0
0
0
0
0
0
0
0
0
0
0
0
0
0
0
0
0
0
0
0
0
0
0
0
0
0
0
0
0
0
0
0
0
0
0
0
0
0
0
0
0
0
0
0
0
0
0
0
0
0
0
0
0
0
0
0
0
0
0
0
0
0
0
0
0
0
0
0
0
0
0
0
0
0
0
0
0
0
0
0
0
0
0
0
0
291
344,000
0
81,500
217,000
101,000
79,300
11,300
29,200
0
476,000
19,000
37,700
14,000
0
0
0
0
0
0
0
0
0
0
0
0
0
0
0
0
0
0
0
0
0
0
0
0
0
0
0
548,000
0
0
0
0
0
0
0
0
0
0
0
0
0
0
14,900
3,010
0
5
0
0
0
0
0
0
0
0
0
0
0
0
0
0
0
0
0
0
0
0
0
0
0
0
0
0
0
0
0
0
0
0
0
0
0
0
0
0
2,500,000
0
0
0
0
0
0
0
0
0
0
0
0
0
0
0
0
0
0
0
0
0
0
0
0
0
0
0
0
0
0
0
0
0
0
0
0
0
0
0
0
0
0
0
0
0
0
0
0
0
0
0
0
0
54,100
0
0
0
0
0
0
0
0
0
0
0
0
0
0
0
0
0
0
0
0
0
0
0
0
0
6
0
0
0
0
0
0
0
0
0
0
0
0
0
0
0
0
0
0
0
0
0
0
0
0
0
0
0
0
0
0
0
0
0
0
0
0
0
0
0
0
0
0
0
0
0
0
0
0
0
0
0
0
0
0
0
0
0
0
0
0
0
0
0
0
0
0
0
0
0
0
0
0
0
0
0
0
0
0
0
0
734,000
85,300
0
0
0
2
41,500
1,390,000
0
0
0
0
0
0
0
0
0
0
0
0
0
0
0
0
0
0
0
0
0
0
0
0
0
0
4,750
312,000
0
0
0
1,180
10,300
4,850
728
264,000
113,000
188,000
1,160
4,400
1
7
21,400
7,620
55,800
0
0
0
0
13,300
8,050
122,000
632,000
58,800
185,000
54,800
942,000
1
163,000
19,500
0
4
7
0
2
0
0
0
53,100,000
20,400,000
518,000
21,200
162,000
3,000
5,050,000
0
18,100
10,400
21,800,000
0
3
175
1
7
100
1
0
227,000
58,500
95,100
4
52,000
60,300
304,000
1,340,000
713,000
1,090,000
2,630,000
85,400
241,000
20,000
138,000
5,230
220,000
3,780
15,100
11,000
377
41,000
9,410
25,900
0
0
0
0
0
0
0
0
0
0
0
0
0
0
0
0
0
0
0
0
2,640
0
0
0
133,000
10,100
0
89,400
0
0
0
0
0
0
0
0
0
0
0
0
0
0
0
0
0
0
0
0
0
0
0
0
0
0
0
0
0
0
0
28,200
0
0
0
0
0
0
0
0
0
0
0
0
0
0
0
0
0
0
0
0
0
0
0
0
0
0
0
0
0
0
0
0
0
0
0
0
0
0
0
0
0
0
0
0
0
0
0
0
0
0
0
0
0
0
0
0
0
0
0
0
0
0
0
0
0
0
0
0
0
0
0
0
0
0
0
0
0
0
0
0
0
0
0
0
0
0
0
0
0
0
0
0
0
0
0
0
0
0
0
0
0
0
0
0
0
0
0
0
0
0
0
0
0
0
0
0
0
0
0
0
0
0
0
0
0
0
0
0
0
0
0
0
0
0
0
0
0
0
0
0
0
0
0
0
0
0
0
0
0
0
0
0
0
0
0
0
0
0
0
0
0
0
0
0
0
0
0
0
0
0
0
0
0
0
0
0
0
0
0
0
0
0
0
0
0
0
0
0
0
0
0
0
0
0
0
0
0
0
0
0
0
0
0
0
0
0
0
0
0
0
0
0
0
0
3
0
0
0
0
0
0
0
0
0
0
0
0
0
0
0
0
0
0
0
0
0
0
0
0
0
0
0
0
0
0
0
0
0
0
0
0
0
0
0
0
0
0
0
0
0
0
0
0
0
0
0
0
0
0
0
0
0
0
0
0
0
0
0
0
0
0
0
0
0
0
0
0
0
0
0
0
0
0
0
0
0
0
0
0
0
0
0
0
0
0
0
0
0
0
0
0
0
0
0
0
0
0
0
0
0
0
0
0
0
0
0
0
0
0
0
0
0
0
0
0
0
0
0
0
0
0
0
0
0
0
0
0
0
0
0
0
0
0
0
0
0
0
0
0
0
0
0
0
0
0
0
0
0
0
0
0
0
0
0
0
0
0
0
0
0
0
0
0
0
0
0
0
0
0
0
0
0
0
0
0
0
0
0
0
0
0
0
0
0
0
0
0
0
0
0
0
0
0
0
0
0
0
0
0
0
0
0
0
0
0
0
0
0
0
0
0
0
0
0
0
0
0
0
0
0
0
0
0
0
0
0
0
0
0
0
0
0
0
0
0
0
0
0
0
0
0
0
0
0
0
0
0
0
0
0
0
0
0
0
0
0
0
0
0
0
0
0
0
0
0
0
0
0
0
0
0
0
0
0
0
0
0
0
0
0
0
0
0
0
0
0
0
0
0
0
0
0
0
0
0
0
0
0
0
0
0
0
0
0
0
0
0
0
0
0
0
0
0
0
0
0
0
0
0
0
0
0
0
0
0
0
0
0
0
0
0
0
0
0
0
0
0
0
0
0
0
0
0
0
0
0
0
0
0
0
0
0
0
0
0
0
0
0
0
0
0
0
0
0
0
0
0
0
0
0
0
0
0
0
0
0
0
0
0
0
0
0
0
0
0
71,400,000
26,300
36,300
58,400
1,200,000
776,000
55,900
0
0
0
0
0
0
5,740
0
4,050
12,000
22,000
0
0
0
0
0
0
0
0
0
0
0
0
21,700
0
0
0
0
0
0
0
0
0
0
0
0
0
0
0
0
0
0
0
0
0
0
0
0
0
0
0
0
0
0
0
0
0
0
0
0
0
0
0
0
0
0
0
0
0
0
0
0
0
0
0
0
0
0
0
0
0
0
0
0
0
0
0
0
0
0
0
0
0
0
0
0
0
0
0
0
0
0
0
0
0
0
0
0
0
0
0
0
0
0
0
0
0
0
0
0
0
0
0
0
0
0
0
0
0
0
0
0
0
0
0
0
0
0
0
0
0
0
0
0
0
0
