0
73,100
438,000
211,000
0
261,000
0
7,930
4,530,000
0
0
0
0
38,700
0
0
0
1,150,000
0
0
0
545,000
266,000
2,920,000
202,000
11,600
443,000
0
866,000
3,240,000
61,500
0
30
0
0
0
0
0
0
0
0
0
0
0
0
0
0
0
0
0
0
0
0
0
0
0
0
0
0
0
0
0
0
0
0
0
0
0
0
0
0
0
0
0
0
0
0
0
0
0
0
0
0
0
0
0
0
0
0
0
0
0
0
0
0
0
0
0
0
0
0
0
0
0
0
0
0
0
0
0
0
0
0
0
0
0
0
0
0
0
0
0
0
0
0
0
0
0
0
0
0
0
0
0
0
0
0
0
0
0
0
0
0
0
0
0
0
0
0
0
0
0
0
0
0
0
0
0
0
0
0
0
0
0
0
0
0
0
0
0
0
0
0
0
0
0
14,800
161,000
2,040
997,000
1,050,000
0
11,700,000
435,000
0
36,200
52,300,000
1,100,000
9,470,000
8,920,000
0
0
0
0
259,000
71,600
29,400
0
0
3,730,000
0
0
0
76,600
0
0
14,400
0
0
0
1,080,000
125,000
1,230
465,000
0
0
0
700,000
221,000
0
0
0
813,000
647,000
3,910,000
622,000
295,000
1,460,000
1,460,000
0
0
0
0
0
2,570
75,500
0
0
492,000
0
0
0
0
0
0
0
0
0
0
0
0
0
0
0
0
0
0
0
0
0
0
0
0
0
0
0
0
0
0
0
291,000
3,950,000
745,000
1,780,000
14,900,000
4,120,000
2,980,000
0
21,300,000
1,260,000
142,000
0
7,530,000
8,690,000
0
0
0
0
811,000
0
0
0
0
0
0
0
0
15,800
0
6,390,000
0
107,000
4,330,000
58,000
101,000
0
0
0
0
0
0
0
980,000
21,800,000
988
4,130,000
0
0
0
0
1,040,000
324,000
0
3,640,000
0
0
0
0
0
0
0
14,000
0
0
17,700
20
2,290
197
0
0
262,000
0
0
0
0
0
0
0
0
0
0
0
0
180,000
118,000
0
0
0
661,000
0
0
0
0
4,650,000
2,510,000
0
1,500,000
903,000
0
0
0
0
0
0
0
0
0
0
0
0
0
0
0
0
0
0
0
0
0
608,000
864,000
0
0
0
0
0
331,000
0
0
0
6,660,000
0
5,220,000
0
0
0
0
0
0
0
0
0
0
0
0
0
0
0
10,100,000
8,210,000
29,800,000
3,560,000
2,580,000
5,130,000
0
48,600,000
0
0
0
0
0
0
2,660,000
0
0
0
0
0
0
0
0
0
0
0
0
0
11,900
318,000
0
121,000
347,000
12,700
0
0
0
0
1,200,000
41,800
149,000
1,520,000
0
0
0
0
0
0
0
0
0
558,000
0
32,200
657,000
2,490,000
661,000
29,500
0
419,000
2,920,000
418,000
0
67,000
0
1,920,000
0
0
0
0
569,000
113,000
161,000
3,300,000
136,000
26,400,000
0
9,790,000
0
0
0
0
1,490,000
11,800,000
0
0
0
0
0
0
0
0
0
0
529,000
0
57,900
1,500,000
0
2,210,000
31,200,000
7,440,000
1,410,000
131,000
28,300,000
1,990,000
0
0
0
0
0
0
0
0
0
0
0
0
0
0
0
0
0
0
0
0
0
0
0
0
0
0
0
0
0
0
0
0
0
0
0
0
0
0
0
7,550,000
6,660,000
0
0
0
0
0
0
0
0
0
516,000
0
0
0
0
19,300
0
0
613,000
3,310,000
0
0
0
0
0
0
0
0
0
0
0
0
0
0
0
0
355,000
0
0
0
2,140,000
0
0
0
0
0
0
0
0
0
421,000
0
0
0
0
0
0
0
0
0
0
0
0
0
0
0
0
0
0
0
0
0
0
1,010,000
18,800
2,370,000
0
0
0
0
0
0
0
0
0
0
0
0
0
0
0
0
0
0
0
0
0
0
0
0
0
23,900,000
1,970,000
1,480,000
1,040,000
408,000
18,500,000
486,000
5,600,000
140,000
1,730
2,200
0
1,010,000
3,780,000
5,130,000
87,600
5,450,000
7,310,000
4,280,000
0
17,600
0
10,200,000
0
0
0
0
0
0
0
0
0
0
0
0
0
0
7,750,000
0
0
0
0
0
0
0
0
198,000
0
0
0
0
0
0
0
0
0
0
0
0
0
0
0
0
809,000
0
0
0
0
0
0
0
0
0
0
0
0
0
0
0
0
0
0
0
0
0
0
0
0
0
0
0
0
0
0
0
0
0
0
0
0
0
0
0
0
0
0
0
0
0
0
0
0
0
0
0
0
0
0
0
0
0
0
0
0
0
0
0
0
0
423,000
0
0
0
0
0
3,060,000
0
0
0
0
0
0
0
0
0
0
0
0
0
0
0
0
0
0
0
0
0
0
0
0
0
0
0
0
0
0
0
0
0
0
0
0
0
33,800,000
351,000
0
0
18,600
1,030,000
1,390,000
4,390,000
10,100,000
363,000
875,000
7,480,000
1,030,000
470,000
198,000
2,390,000
449,000
590,000
6,770,000
41,700,000
150,000
3,960,000
904,000
1,220,000
731,000
3,350,000
16,600,000
37,800,000
739,000
443,000
3,060,000
6,190,000
54,300,000
12,800,000
4,340,000
12,100,000
3,720,000
5,830,000
52,800,000
2,130,000
344,000
956,000
1,040,000
19,100,000
4,520,000
3,300,000
1,960,000
11,300,000
15,900,000
1,370,000
959,000
3,400,000
19,800,000
185,000
19,200,000
2,090,000
1,630,000
248,000
8,570,000
5,670,000
1,510,000
490,000
12,900,000
1,400,000
78,000
669,000
12,500,000
1,240,000
1,700,000
215,000
5,500,000
0
0
0
0
0
26,100
107,000
0
396,000
31,200,000
0
0
107,000
0
0
0
0
84,200
273,000
1,390,000
377,000
16,100,000
592,000
5,390,000
3,050,000
1,660,000
1,180,000
4,330,000
2,100,000
149,000
4,380,000
228,000
1,220,000
10,600,000
4,420,000
1,670,000
242,000
1,220,000
745,000
907,000
1,120,000
2,930,000
15,600,000
195,000
2,190,000
706,000
3,040,000
8,840,000
16,100
252,000
1,570,000
287,000
347,000
447,000
2,830,000
25,000,000
323,000
956,000
298,000
778,000
545,000
340,000
192,000
1,460,000
6,540,000
568,000
6,900,000
552,000
88,100,000
2,980,000
1,010,000
65,700,000
10,900,000
1,990,000
1,310,000
4,030,000
625,000
1,770,000
406,000
4,130,000
988,000
1,790,000
22,000,000
1,040,000
45,300
47
1,670,000
1,150,000
3,260
276,000
143,000
0
28,900
0
0
0
0
0
0
0
0
0
0
0
0
0
0
0
0
0
0
0
0
0
0
0
0
0
0
0
0
0
0
0
0
0
0
0
0
0
0
0
0
0
0
0
0
0
0
0
0
0
0
0
0
0
0
0
0
0
0
0
0
0
0
0
0
0
0
0
0
0
0
0
0
0
0
0
0
0
0
0
0
0
0
0
0
0
0
0
0
0
0
0
0
0
0
0
0
0
0
0
0
0
0
0
0
0
0
0
0
0
0
0
0
0
0
0
8,510,000
0
0
222,000
1,420
0
0
0
0
6,560,000
19,900,000
55,300,000
0
0
0
0
0
0
0
0
0
0
0
0
7,060,000
0
0
0
0
0
0
0
0
0
0
0
0
0
0
0
0
0
0
0
0
0
0
0
0
0
0
0
0
0
0
0
0
0
0
0
0
0
0
246,000
0
0
0
0
0
0
0
0
0
0
0
0
0
0
0
0
0
2,460,000
0
68,300
0
851
0
0
0
1,630,000
0
0
44,300
4,390,000
275,000
5,950,000
177,000
32,400
21,900,000
0
0
0
0
0
0
0
0
186,000
305,000
736,000
256,000
8,530,000
2,520,000
15,400,000
4,200
30,200
2,130
2,610,000
3,190,000
46,700
94,300
8,080,000
49,900
46,500
434,000
635,000
12,900,000
67,900
0
51,200
138,000
365,000
42,700
791,000
0
680,000
0
0
0
0
947,000
252,000
156,000
722,000
269,000
408,000
42,000
55,200
63,700
1,340,000
4,380,000
406,000
12,100,000
2,410,000
2,690,000
2,120,000
3,670,000
887,000
67,100
99,400
8,890,000
324,000
46,500,000
2,420,000
1,210,000
0
763,000
230,000
616,000
2,910,000
438,000
1,050,000
16,200
804,000
143,000
159,000
329,000
4,560,000
6,100,000
1,440,000
2,620,000
133,000
0
23,900
0
0
11,200
0
746,000
3,300
3,480,000
38
0
0
0
0
0
0
0
0
0
0
0
0
0
0
0
0
24,400,000
0
0
0
0
0
0
0
0
0
0
0
0
0
0
0
0
0
0
0
0
0
0
232,000
0
0
0
41,100
0
4,850
0
5,620
302,000
0
0
0
518,000
13,700,000
0
0
0
468,000
0
0
0
0
0
0
0
0
0
0
0
0
0
0
0
0
0
0
0
0
0
0
0
0
0
0
0
0
0
0
0
0
0
0
0
0
0
0
0
0
0
0
0
0
0
0
0
0
0
0
0
0
0
0
0
0
0
0
0
0
0
0
0
0
0
0
0
0
0
0
0
0
0
0
0
0
0
0
0
0
0
0
0
0
0
0
0
0
2,130,000
170,000
0
0
0
0
23,900,000
0
50,200,000
0
0
0
0
0
0
0
0
0
0
0
0
0
0
0
0
0
0
0
0
0
0
0
0
0
0
0
0
0
0
0
0
0
292,000
0
0
0
12,600
4,120,000
923,000
2,770,000
0
747
0
0
2,120,000
23,200
0
0
832,000
0
0
257,000
0
0
0
0
25,000
0
0
73,000
0
0
0
0
8,550
1,440,000
642,000
1,390,000
829,000
0
0
23,300,000
0
0
226
1,690,000
648,000
0
0
0
0
3,260
1,920,000
58,300
97,700
1,770,000
444,000
53,000
0
71,600
17,500,000
0
0
195,000
0
0
0
0
0
0
0
0
159,000
0
0
0
0
0
0
0
0
0
0
0
0
0
0
0
0
3,880,000
0
0
0
0
0
0
0
0
0
0
0
0
0
0
0
0
0
0
0
0
0
0
0
0
0
0
0
0
0
0
0
0
0
0
0
0
0
0
0
0
0
0
0
0
0
0
0
0
0
0
0
0
0
0
0
0
0
0
0
0
0
0
0
0
0
0
9,490,000
0
0
0
0
0
0
0
0
0
0
0
0
0
0
0
0
0
0
0
0
0
0
0
0
0
0
0
0
0
0
0
0
0
0
0
0
0
0
0
0
0
40,200,000
0
20,300
9,170,000
66,200
0
446,000
0
0
10,900,000
0
0
0
121,000
495,000
0
0
0
0
0
0
0
0
0
0
0
0
37,300
0
0
676,000
75,000
5,850
0
0
0
0
0
0
0
0
0
0
756,000
0
1,960,000
0
0
498,000
0
0
0
0
0
0
0
0
0
0
18,400,000
0
0
0
0
0
0
0
0
0
0
0
0
0
0
0
0
0
0
0
0
0
0
0
0
0
0
0
0
0
0
0
7,170,000
0
0
0
0
0
0
0
0
0
0
0
0
0
0
0
0
0
0
0
0
0
0
0
0
0
0
0
0
0
0
0
0
0
0
0
0
0
0
0
0
0
0
0
0
0
0
0
0
0
0
0
0
0
0
0
0
0
0
0
0
0
83,900
0
0
0
0
0
0
0
0
0
0
0
0
0
2,840,000
0
0
0
0
0
0
0
0
0
0
0
0
0
0
0
0
0
0
0
0
0
0
7
659,000
0
0
0
0
0
0
0
43,600,000
452,000,000
0
1,540,000
0
243,000
75,200
0
0
0
0
0
0
0
0
0
0
0
21,800
702,000
0
0
301,000
0
0
0
0
0
0
0
0
0
0
0
0
0
0
0
0
0
0
0
0
0
0
0
0
0
0
0
0
0
0
0
0
0
0
0
0
0
0
0
0
0
0
0
0
0
0
0
0
0
12,400
0
2,430,000
0
0
0
0
0
0
0
0
0
117,000
240,000
563,000
174,000
3
0
447,000
4,460,000
0
0
0
4,600
0
293,000
0
0
0
0
0
0
0
4,270,000
0
1,700,000
388,000
0
99,200,000
11,100,000
8,980,000
23,700,000
129,000,000
0
289,000
0
0
422,000
0
6,590,000
8,890,000
635,000
846,000
8,660,000
7,270,000
5,190,000
1,070,000
16,100,000
13,300,000
67,900
0
0
0
52,500
0
37,300,000
133,000
0
72,000
6,670
0
295,000
216,000
47,400
0
1,420,000
140,000
10,500,000
7,650,000
480,000
11,900,000
0
1,340,000
0
0
0
0
0
0
0
0
0
0
0
4,190,000
0
0
11,100,000
45,900
11,000,000
7,500
0
2,630,000
0
1,080,000
39,800
2,470
0
0
0
20,100,000
0
0
343,000
4,940,000
4,480,000
0
0
0
0
0
0
63,000
4,440
10,100
348,000
223,000
63,600
22,600
150,000
2,110,000
0
4,160,000
98,400
1,310,000
0
0
0
367,000
981,000
0
981,000
1,340
0
96,700
248,000
2,820
81,500,000
3,010,000
0
0
0
0
0
291,000
138,000
47,100,000
0
0
143,000
702,000
2,320,000
267,000
4,750,000
334,000
1,070,000
5,630
4,370
750,000
2,940,000
984,000
876,000
337,000
0
378,000
1,260,000
339,000
1,980,000
60,500
1,580,000
301,000
409,000
1,410,000
368,000
395,000
247,000
0
0
0
0
0
0
0
0
0
0
0
0
112,000
149,000
308,000
10,300,000
1,470,000
0
0
0
0
0
44,000
19,600,000
943,000
5,860,000
6,440,000
0
0
0
0
2,810,000
8,760,000
18,900,000
64,800,000
4,270,000
16,600
17,000,000
0
590,000
924,000
4,760,000
375,000
2,500,000
199,000
5,930,000
2,000,000
26,700
0
20,800,000
0
3,690
2,880,000
6,360,000
8
273,000
34,900
0
0
0
0
0
0
6,790,000
0
183,000
272,000
0
0
143,000
136,000
749,000
4,900,000
0
0
0
0
0
2,810
0
0
0
0
0
134,000
114,000,000
1,650,000
13,200,000
11,400,000
0
0
0
0
0
0
0
0
0
0
72,300
0
0
479,000
506,000
261,000
365,000
0
0
0
0
0
53,300
3,210,000
4,700,000
654,000
0
0
0
0
0
625,000
109,000
1,870,000
13,100
0
0
0
0
0
0
0
149,000
0
0
0
0
0
0
0
0
0
0
0
0
0
0
0
0
0
0
0
0
0
0
0
0
0
0
0
0
0
0
0
0
0
0
0
0
0
0
0
0
0
0
0
0
0
0
0
0
0
0
0
0
0
0
0
0
0
0
0
0
0
0
0
0
0
0
0
0
0
0
0
0
0
0
0
0
0
0
0
0
0
0
0
0
0
0
0
0
0
0
0
0
0
0
0
0
0
0
0
0
0
0
0
0
0
0
0
0
0
0
0
0
128,000
0
0
0
0
0
0
0
0
0
0
0
0
0
0
0
0
0
7
0
8,580,000
1,050,000
37,500
21,900,000
0
647,000
0
0
2,410
0
330,000
527,000
35,800
133,000
169,000
510,000
630,000
667,000
192,000
54,800
0
0
0
0
0
0
0
0
0
0
79,200
0
0
0
0
0
0
19,400
0
0
13,300
342,000
1,640,000
71,500
0
0
2,580,000
29,700,000
0
0
0
323
1,810,000
5,110,000
0
0
0
0
0
0
0
4,890
0
0
0
0
908,000
245,000
5,290,000
92,300
442,000
0
0
0
0
0
24,400,000
0
189,000
0
239,000
0
0
8,950,000
506,000
0
0
0
0
0
0
0
2,880,000
7,250,000
6,130,000
0
0
0
0
340,000
0
1,450,000
0
0
0
0
0
1,430,000
0
0
0
46,400
486,000
30,400
795,000
1,320,000
444,000
424,000
77,600
778,000
21,100,000
24,300,000
515,000
14,200,000
7,110,000
91,000
169,000
702,000
4,210,000
292,000
1,610,000
1,100,000
1,580
131,000
661
0
0
4,550,000
0
554,000
873,000
255,000
2,300,000
0
0
0
0
5,150,000
0
0
0
6,030,000
0
81,700
0
0
0
0
846,000
0
0
0
0
0
0
0
0
0
0
0
2,730,000
208,000
8,460,000
1,270,000
0
236,000
0
2,550
0
0
569,000
0
1,600,000
1,140
1,200,000
0
5,170,000
3,190,000
419,000
6,310,000
10,500,000
0
9,050,000
4,220,000
0
8,120
179,000
0
0
0
11,600,000
0
36,700,000
566,000
26,100,000
7,020,000
1,010,000
45,700
635,000
30,900
191,000
100,000
0
0
0
0
1,040,000
213,000,000
0
0
0
0
0
0
0
0
0
0
0
0
0
0
0
0
0
0
0
0
0
0
0
0
0
0
0
0
0
0
0
0
0
0
0
519,000
0
24,100,000
0
0
0
0
0
0
0
0
0
0
0
213,000,000
136,000
0
0
0
149,000
2,170
202,000
2,760
448,000
3,190
1,520,000
10,700
349,000
194,000
1,970
13,200,000
5,580,000
618,000
0
0
268,000
745,000
512,000
19,500
4,050
4,510,000
16,500
17,300
0
0
0
0
0
0
0
0
0
52,100
0
0
0
0
0
0
0
0
0
0
234,000
0
0
59,200
0
0
0
0
0
0
0
0
0
0
0
777,000
775,000
0
0
0
0
0
0
0
0
489,000
15,900,000
45,800
3,940
0
0
0
0
0
0
0
0
0
0
0
8,050,000
0
0
0
0
0
0
0
0
0
0
635,000
0
0
0
0
0
0
0
0
0
0
0
0
1,660,000
0
0
0
0
0
0
0
0
0
0
0
0
0
0
0
0
0
0
0
0
0
0
0
0
0
0
0
0
0
0
0
0
0
0
0
0
0
0
0
0
0
0
0
0
0
0
0
0
0
0
0
0
0
0
0
0
0
0
0
0
0
0
0
0
0
0
0
0
0
0
0
0
0
0
0
0
0
0
0
0
0
0
0
0
0
0
0
0
0
0
0
0
0
0
0
0
0
0
0
0
0
0
0
0
0
0
0
0
0
0
0
0
0
0
0
0
0
0
0
621,000
0
0
0
0
0
0
0
0
0
0
0
0
0
0
0
0
0
0
0
0
0
0
0
0
0
0
0
0
0
0
0
0
0
0
0
0
0
0
0
0
0
0
0
0
0
0
0
0
0
0
0
0
0
0
0
0
0
0
0
0
0
0
0
0
0
0
0
0
0
0
433,000
0
359,000
2,580,000
1,800,000
0
0
0
0
0
0
950,000
0
45,700,000
0
0
0
31,600,000
0
491,000
88,700
0
3,020,000
10,800
1
7
0
0
0
0
0
0
420,000
282,000
1,680,000
0
0
0
5,770,000
0
0
0
0
0
0
0
0
0
0
0
0
0
0
0
0
0
0
0
0
0
0
0
0
0
0
0
0
0
0
0
0
0
0
0
0
0
0
0
0
0
0
0
148,000
0
0
0
0
0
0
0
0
0
0
0
0
0
0
0
0
0
0
0
0
0
0
0
0
0
0
0
0
0
0
0
0
0
0
0
0
35,600,000
0
1,720,000
2,040,000
0
1,710,000
539,000
2,600,000
0
0
194,000
679,000
0
0
44,500
0
0
0
4,920,000
1,220,000
6,780,000
17,600
0
105,000
0
0
681,000
0
0
391,000
90,000
0
0
0
0
0
0
0
0
0
0
0
0
0
0
0
0
0
0
0
0
0
29,300
0
0
0
0
0
0
0
269,000
794,000
2,340,000
617,000
2,180,000
10,800,000
0
639,000
1,150,000
0
0
1,020,000
4,360,000
705,000
0
18,100
0
518,000
514,000
3,180,000
559,000
472,000
1,390,000
108,000
2,160,000
203,000
2,620,000
8,410
539,000
92
713,000
4,860,000
11,200,000
1,710,000
248,000
120,000
590,000
82,200
0
0
0
1,720,000
16,000,000
0
109,000
0
0
0
0
1,050,000
0
0
0
0
0
0
0
0
272,000
0
894,000
0
0
0
0
0
77,600
719,000
405,000
94,600
6
0
0
0
0
16,300,000
18,800,000
9,010
0
0
0
0
0
0
0
7,070
0
0
0
395,000
270,000
3,640,000
0
304,000
6,230,000
0
0
1,840,000
0
0
0
0
0
0
0
0
0
150,000
0
0
0
0
501,000
0
0
102,000
397,000
0
0
792,000
0
0
18,500,000
0
0
0
60,900
0
167,000
168,000
0
30,100
0
230,000
0
36,700
0
938,000
0
5,880,000
59,100,000
16,400,000
0
91,800
3,540
0
6,970,000
0
0
0
369,000
234,000
94,500
71,100
95,000
19,800
52,100
11,100,000
1,790,000
0
0
17,500,000
0
0
2,900
0
0
0
0
0
0
0
0
0
0
0
225,000
0
0
0
0
0
0
0
0
0
0
3,440,000
0
0
0
0
122,000
0
0
0
7,710
0
0
0
0
1,310,000
35,200
32,100
0
0
0
0
9,580,000
3,310,000
379,000
450,000
332,000
5,100
1,040,000
0
0
0
0
0
0
0
0
0
0
0
0
0
0
0
44,700
0
0
0
0
0
0
0
0
0
0
0
0
0
0
0
0
0
0
0
0
0
3,720,000
0
0
0
147,000
19,800,000
0
0
0
0
0
0
0
0
0
0
0
382,000
15,800,000
0
4,420,000
10,800,000
451,000
0
0
0
0
0
0
0
0
0
0
0
0
0
0
0
0
0
0
0
4,190,000
0
0
0
0
159,000
0
0
0
456
0
0
0
0
1,690,000
49,000,000
589,000
55,700,000
8,490,000
20,400,000
901,000
23,900,000
0
0
0
0
0
0
0
0
0
0
0
0
0
0
311,000
0
0
0
0
0
0
0
4,890,000
185,000
694,000
17,000
0
0
0
1,440,000
0
918,000
0
0
0
273,000
1,880,000
161,000
5,340
12,400
43,600
452,000
143,000
0
23,200
338,000
137,000
0
0
0
0
0
0
0
0
0
0
0
0
0
0
0
0
0
0
0
0
0
0
0
0
0
0
0
0
0
0
0
0
0
0
0
0
0
0
0
0
0
0
0
0
0
0
0
4,650,000
0
0
0
0
0
0
0
612,000
0
7,330,000
0
0
0
0
2,350,000
484,000
0
0
0
4,160,000
0
0
0
20,100,000
1,210,000
0
0
0
0
0
0
0
35,400
14,500
0
0
0
4,020,000
2,020,000
0
56,600
97,700,000
1,170,000
733,000
18,200,000
0
0
58,500
0
0
5,660,000
555,000
0
0
0
822,000
0
1,710,000
230,000
8,060,000
0
55
0
0
0
0
0
0
0
0
73,900,000
8,240,000
0
905,000
979,000
63,700,000
18,300,000
554,000
0
5,820,000
0
3,100,000
1,910,000
0
0
541,000
1,650
0
35,000
8,290,000
0
121
4,580,000
0
0
0
0
0
0
0
0
0
1,020,000
8,320,000
0
282,000
166,000
177
295,000
101,000
0
511,000
151,000
0
0
86,300
387,000
164,000
1,720,000
0
0
0
0
0
0
0
0
0
0
0
338,000
5,280,000
0
0
0
0
0
0
0
0
0
0
0
0
2,370,000
0
0
1,350
39,200,000
18,300,000
0
11,400,000
788,000
393,000
0
0
0
0
0
0
0
0
0
0
0
0
0
0
0
0
0
0
0
18,600
0
0
0
0
0
0
0
627,000
619,000
21,300
524,000
410,000
7,030
283,000
0
0
319
775,000
0
42,800
0
0
0
0
1,040,000
228,000
13,300,000
1,800,000
203,000
1,800,000
38,800,000
1,460,000
0
0
0
6,960,000
0
0
0
0
1,460,000
0
217,000
0
3,070,000
13,000,000
10,600,000
12,700,000
0
0
0
0
0
0
0
0
0
160,000
116,000
1,420,000
0
0
602,000
0
0
0
0
0
0
0
0
0
0
0
0
0
0
0
29,800
0
0
0
1,800,000
5,160,000
1,230,000
379,000
97,700
217,000
0
15,600,000
158,000,000
0
0
0
0
70,900
0
0
9,700
0
4,740,000
1,520
2
356,000
2,250,000
544,000
0
4,120,000
0
0
0
0
0
170,000
0
0
2,570,000
0
0
0
0
9,130
3,800,000
1,100,000
867,000
535,000
32,600
95,000
706,000
112,000
70,300
879,000
0
0
0
3,830,000
783
540,000
646,000
18,600
703,000
250,000
868,000
839,000
92,900
191,000
831,000
680,000
6,220,000
796,000
1,310,000
953,000
1,190
10,600
109,000
26,600
75,900
828,000
129,000
1,880,000
847,000
1,110,000
116,000
3,260,000
9,300
3,400,000
0
0
0
0
0
0
0
0
0
0
0
0
0
0
0
0
0
0
0
0
0
0
0
0
0
0
0
0
0
0
0
260,000
26,100,000
0
10,700
628,000
1,340,000
1,400,000
2,380,000
18,400,000
530,000
7,990,000
3,300,000
2,810,000
1,180,000
152,000
65,200
1,200,000
3,040,000
190,000
7,280,000
3,410,000
7,760,000
19,000,000
1,410,000
2,070,000
241,000
573,000
1,260,000
3,840,000
15,500,000
2,190,000
650,000
143,000
181,000
246,000
137,000
3,510,000
8,700,000
187,000
701,000
3,240,000
577,000
931,000
576,000
621,000
27,800
293,000
11,900,000
565,000
1,850,000
3,570,000
1,320,000
0
0
36,000
655,000
0
0
0
0
0
0
0
2,680
0
0
0
0
0
0
0
6,800,000
0
0
0
0
0
0
0
0
0
0
518,000
0
0
0
0
0
52,800
0
0
240,000
311
0
654,000
0
416,000
1,920
7,070
3,290,000
0
0
0
7,160,000
0
0
0
0
0
0
0
10,700,000
0
0
0
0
323,000
52,800
0
0
0
0
0
0
0
0
0
0
0
0
0
0
0
0
0
0
0
31,300
0
0
0
633,000
9,130,000
4,430,000
0
0
499,000
12,000,000
11,000,000
1,150,000
20,800
184,000
24,800
0
0
0
0
2,230,000
0
1,110,000
0
0
1,250
0
0
90,400
0
0
0
0
0
0
0
0
0
0
407,000
44,900
0
0
0
0
0
0
0
0
0
0
0
0
0
1,460,000
23,700
350,000
0
0
0
0
0
3,390
0
0
0
0
0
0
0
7,150
13,200,000
0
0
24,300
0
0
0
672,000
1,350,000
0
0
0
276
1,290,000
0
3
3,940
0
0
0
0
0
0
0
0
0
0
0
0
0
0
0
0
0
0
0
0
0
0
0
0
0
0
0
0
0
0
0
0
133,000,000
171,000,000
105,000
7,510
0
0
0
0
0
0
0
106,000
352,000
0
0
0
0
0
0
0
0
4,870,000
0
0
0
0
0
0
0
0
0
0
0
359,000
5,150,000
0
0
0
0
0
0
0
0
0
0
0
0
0
0
0
0
0
0
0
0
0
0
0
0
0
0
0
0
0
0
0
0
400,000
0
0
0
0
0
0
0
0
0
137,000
0
0
0
0
0
0
0
0
0
0
0
319,000
0
0
0
0
0
0
3,230,000
0
0
0
0
652,000
0
0
0
0
0
0
0
0
0
0
0
0
0
0
0
0
0
0
0
0
0
0
0
0
0
0
0
0
0
0
0
0
0
0
0
2,610,000
0
98,800,000
0
9,260,000
0
245,000
13,300
0
0
0
0
21,600,000
0
0
912,000
0
3,560,000
5,110
0
169,000
7,720,000
139,000
17,700,000
13,300
0
0
43,800
0
0
0
15,400
0
0
0
0
0
0
0
0
822,000
0
107,000
65,100
1,220,000
151,000
0
1,460,000
2,650
237,000
101,000
33,500
0
31,100
6,450,000
0
0
3,590
0
0
0
0
0
2,630,000
0
20
0
0
4,700,000
119,000
28,100,000
0
0
0
0
0
0
1,400
0
13,900
137,000
16,700,000
54,200
21,900,000
0
0
0
0
0
0
0
0
10
471,000
1,330
2,610
145,000
0
0
0
0
448,000
0
0
196,000
0
0
0
0
0
0
4,970
0
6,110
0
0
0
1,690,000
127,000
0
0
0
0
0
0
0
0
0
0
0
0
0
0
467,000
0
0
0
0
1,420,000
2,090,000
0
0
0
546,000
0
30,000,000
8,560,000
5,770,000
401,000
0
0
1,180,000
0
0
2,110,000
534,000
25,900,000
0
4,100,000
0
0
0
0
0
0
0
0
0
0
0
0
0
0
0
0
0
0
0
38,900
225,000
0
0
0
0
0
0
0
0
0
0
0
0
630,000
201,000
0
0
0
0
0
0
0
0
0
110,000
0
324,000
175,000
0
425,000
0
0
0
9,760,000
3,310,000
0
0
0
0
0
0
0
0
0
0
0
9,040,000
3,730,000
0
0
0
0
1,620,000
0
0
0
0
0
0
0
0
0
0
8,320,000
0
0
0
0
0
0
0
0
0
0
0
0
0
0
48,700
4,490,000
32,500,000
8,230,000
4,250,000
1,360,000
1,760,000
3,090,000
27,500,000
579,000
2,670,000
950,000
1,190,000
1,050,000
13,000,000
553,000
2,780,000
481,000
3,860,000
530,000
2,310,000
52,200
1,550,000
5,350,000
0
711,000
919,000
1,810,000
2,030,000
2,260,000
1,300,000
783,000
23,000,000
4,700,000
638,000
1,580,000
73,200
628,000
768,000
813,000
5,690,000
2,110,000
771,000
1,170,000
413,000
323,000
219,000
55,300
22,400,000
34,100,000
283,000
937,000
1,650,000
2,770,000
1,140,000
387,000
948,000
23,700,000
2,660,000
705,000
1,160,000
211,000
2,890,000
1,080,000
464,000
7,740,000
1,340,000
2,830,000
48,700
927,000
135,000
24,900
55,500
20,900,000
0
161,000
0
0
649,000
43,500,000
129,000
0
7,850
0
3,140,000
1,490,000
0
0
0
0
0
0
0
0
0
0
0
0
0
0
0
0
0
0
0
0
0
0
0
0
0
0
0
0
0
0
0
0
0
0
0
0
0
0
0
0
0
0
0
0
0
0
0
0
0
0
0
0
0
1,540,000
2,890,000
0
0
0
42,600
50,500
0
0
0
0
1,310
0
0
0
135,000
0
0
0
0
5,600,000
2,930,000
31,700,000
11,700,000
12,100,000
95
0
0
0
4,340,000
104,000,000
17,800
0
0
0
716,000
406,000
729,000
0
3,290,000
0
0
0
0
1,550,000
55,800,000
0
0
0
0
0
0
0
0
0
0
0
0
0
0
0
0
0
0
0
0
0
0
0
0
0
0
0
0
0
0
0
0
0
0
0
0
0
0
0
0
0
0
0
0
0
0
0
0
0
0
0
0
0
0
0
0
0
0
1,330,000
13,800
998
697,000
0
0
2,710,000
0
22,700,000
3,120,000
379,000
13,300,000
0
0
11,600,000
29,800,000
201,000
5,350
195,000
0
0
0
0
0
0
0
0
0
0
0
0
0
0
680,000
127,000
51,400
0
7,430,000
527,000
0
0
0
20,900,000
192
0
0
0
0
11,100,000
3,100,000
592,000
93,100
9,310,000
281,000
2,460,000
43,000
1,080,000
8,700,000
6,240,000
1,410,000
1,360,000
7
0
0
0
0
624,000
331,000,000
300,000
38,300,000
1
0
0
0
0
0
0
0
0
0
0
0
0
0
0
0
0
5,030
1,270,000
0
7,870,000
5,910,000
1,270,000
27,500,000
0
0
0
569,000
0
0
0
50,000
0
0
0
0
0
2,930,000
9,420,000
704,000
33,800
207,000
96,800
99,700
648,000
26,900
492,000
270,000
1,140,000
2,780,000
5,520,000
489,000
869,000
2,830,000
10,700,000
4,360,000
5,120,000
4,110,000
805,000
2,490,000
144,000
101,000
231,000
121,000
1
1,900
163,000
0
0
0
0
0
0
0
0
0
0
0
0
0
0
0
0
0
0
0
0
0
0
0
0
0
0
0
0
0
0
0
0
0
0
0
0
0
0
0
0
0
0
0
0
0
0
0
0
0
0
0
0
0
0
0
0
0
0
0
0
0
0
0
0
222
217,000
0
0
0
0
0
0
0
0
0
0
0
0
0
0
0
0
0
0
0
0
769,000
491,000
0
0
0
0
0
0
0
0
0
0
2,760,000
0
0
0
0
0
0
0
0
6,070,000
9,260,000
1,460,000
4,400,000
843,000
0
0
5,120,000
253,000
41,600
1,670
6,620,000
136,000
3,830,000
3,510
22,800,000
0
0
0
0
0
0
174,000
0
0
0
0
0
0
65,500
0
1,580,000
0
0
97,000
0
0
0
0
0
0
0
0
0
0
2,140,000
1,240,000
4,240,000
198,000
6,490
661,000
10,500
2,230,000
232,000
19,600
5,620
26,500
1,920,000
0
0
8,630,000
0
106,000
262,000
0
11,600,000
0
11,800
1,200,000
419,000
54,000
0
46,400
0
59,400
190,000
67,900
0
6,750,000
341,000
421,000
134,000
99,200
0
0
0
0
0
0
0
0
0
0
113,000
0
54,100
719,000
0
0
0
0
0
698,000
170,000
168,000
11,600
324,000
118,000
1,200,000
117,000
3,210,000
450,000
473,000
221,000
201,000
84,200
49,000,000
287,000
157,000
443,000
839,000
70,500
38,000,000
382
963,000
230,000
285,000
0
0
597,000
3,330
0
0
0
0
0
0
0
0
551,000
2,090,000
294,000
98,800
114,000
45,400
0
0
0
436,000
0
364,000
62,700
418,000
0
0
41,000
608,000
0
0
191,000
0
0
0
6,520,000
13,200,000
0
985,000
2,290,000
1,020,000
0
667,000
1,590,000
279,000
1,930,000
637,000
333,000
180,000
3
8
0
0
27,200
45
0
0
0
3,320,000
0
351,000
2,000,000
0
32,000
0
0
0
0
0
932,000
0
0
0
0
0
262,000
0
0
0
0
0
0
608,000
24,700
1,780
483,000
4,770,000
619,000
19,800
62
0
0
0
0
0
0
0
0
0
0
0
0
0
0
0
0
0
0
0
0
0
0
0
0
0
0
0
0
0
0
0
0
0
0
0
0
0
0
0
0
0
0
0
0
0
0
0
0
0
0
0
0
0
0
0
0
1,260,000
39,700
1,270,000
1,240,000
0
0
0
0
0
0
0
0
0
0
0
16,600
0
131,000
3,260,000
0
1,590,000
102,000
0
0
124,000
654,000
11,200,000
5,420,000
2,390,000
0
2,450,000
0
437,000
604,000
1,280,000
0
0
0
8,080
84,400
701,000
0
0
0
42,800
0
0
0
0
0
81,900
0
0
0
0
477,000
0
0
2,520,000
1,040
66,400
75,000
133,000
396,000
0
0
17,200,000
0
1,480,000
248,000
0
0
0
0
0
854,000
43,100,000
0
0
0
0
0
0
1,430,000
427,000
193,000
9
6,960
932,000
262,000
525,000
0
42,900
0
0
80,000
683,000
0
0
0
149,000,000
130,000,000
6,860,000
6,850,000
395,000
578,000
6,900,000
0
18,300,000
43,000
37,500
15,200
0
7,710,000
2,550,000
29,400,000
5,940,000
0
1,690,000
36,800,000
0
201,000
456,000
0
0
0
0
0
0
0
0
0
0
0
0
0
0
0
10,800,000
302,000
800,000
0
57,700
0
525
388,000
259,000
2,860,000
21,100
103,000
7,700,000
0
0
6,060,000
17,200,000
128,000
0
606,000
3,440,000
0
0
68,100,000
257,000,000
3,660,000
82,400
0
0
0
0
0
0
0
0
0
0
0
0
0
0
0
0
0
0
53,800
552,000
1,860,000
5,250,000
2,080,000
8,760,000
1,370,000
15,600,000
1,060,000
8,960,000
1,500,000
1,200,000
2,790,000
4,100,000
679,000
838,000
647,000
1,740,000
1,120,000
14,700,000
2,400,000
1,680,000
1,880,000
302,000
22,200
18,600
20,800,000
2,610,000
5,260,000
47,400,000
174,000
521,000
515,000
0
0
0
0
0
0
3,860
6,560,000
0
2,150,000
159,000,000
422,000
16,200,000
40,700,000
1,780,000
6,770,000
0
0
0
0
0
0
233,000
1,360,000
4,570,000
666,000
1,390,000
15,600,000
14,800,000
25,200
0
0
17,200,000
0
22,200
380,000
332,000
353,000
1,070,000
1,270,000
1,150,000
635,000
912,000
14,900
648,000
131,000
191,000
28,400
863,000
913,000
1,890,000
79,100
135,000
846,000
457,000
168,000
273,000
155,000
55
0
0
3,060,000
33,600,000
15,700,000
46,000,000
0
50,300,000
55,100,000
0
0
0
291,000
35,900,000
7,880,000
952,000
0
0
0
0
0
160,000
0
0
0
121,000
0
1,510,000
926,000
573,000
2,270,000
167,000
15,000
615,000
0
0
20,400
3
92
978,000
0
0
0
1,720,000
0
3,230
483,000
0
52,100
0
0
536,000
0
0
0
0
0
0
0
0
0
0
0
0
0
0
0
0
175,000
1,770,000
3,620,000
0
0
0
0
0
0
0
0
0
0
86,100
115,000
0
0
0
0
39,900
0
0
5,100
0
19,700
0
59,600
7,300
0
0
0
252,000
0
0
0
1,840,000
3,870,000
0
0
0
0
0
3,150
0
0
0
0
0
0
0
0
0
0
0
0
0
0
0
0
0
0
0
0
0
0
619,000
463,000
0
0
0
0
0
0
0
3,660,000
2,310,000
0
0
0
0
0
0
0
0
0
0
0
0
0
0
0
0
0
0
0
0
0
0
0
0
0
0
0
0
0
0
0
0
0
0
0
29,000
0
0
0
0
0
0
0
0
0
0
0
0
0
0
0
0
0
0
0
0
0
0
0
0
0
0
0
0
0
0
0
0
0
0
0
0
0
0
0
0
0
0
0
0
0
0
1,100,000
1,650,000
0
0
0
0
0
0
0
0
0
0
0
0
0
1,030
10,300
103,000,000
6,590,000
0
0
5,190,000
6,090,000
0
0
0
0
0
0
0
0
0
0
0
0
0
0
0
0
0
0
165,000
118
0
71,300
63,700,000
1,390,000
1,250,000
16,500,000
5,260,000
0
0
2,380,000
0
0
0
0
0
0
0
0
0
0
0
0
18,600,000
4,510,000
28,100,000
0
2,380,000
0
0
103,000
214,000
1,080,000
1,150,000
1,060,000
322,000
136,000
428,000
290,000
0
0
13,700,000
766,000
0
0
0
0
0
0
0
2,330,000
76,300
1,830,000
2,570,000
498,000
12,200,000
0
0
0
0
0
0
0
0
0
0
0
0
0
0
0
0
0
19,300,000
0
0
0
0
0
0
0
0
0
0
0
0
0
0
0
0
0
0
0
0
81,600
0
0
0
0
0
0
0
0
0
0
0
0
0
0
0
0
0
0
0
0
0
0
0
0
0
0
0
0
0
0
0
0
0
0
0
0
0
0
0
0
0
0
0
0
0
0
0
0
0
0
0
0
0
0
0
0
0
0
0
0
0
0
0
0
0
0
0
0
0
0
0
0
0
0
0
0
0
0
0
0
0
0
0
0
0
0
0
0
0
0
0
0
0
0
0
0
0
0
0
0
0
0
0
0
0
0
0
0
0
0
0
0
0
0
0
0
0
0
0
0
0
0
0
0
0
0
0
0
0
0
0
0
0
0
0
0
0
0
0
0
0
0
0
0
0
0
0
0
0
0
0
0
0
0
0
0
0
0
0
0
0
0
0
0
0
0
0
0
0
0
0
0
0
0
0
0
0
0
0
0
0
0
0
0
0
0
0
0
0
0
0
0
0
0
0
0
0
0
0
0
0
0
0
0
0
0
0
0
0
0
0
0
0
0
0
0
0
0
0
0
0
0
0
0
779,000
0
0
0
0
0
0
0
0
0
0
0
0
0
0
0
0
0
0
0
0
0
0
0
0
0
0
0
0
0
0
0
0
0
0
0
0
0
0
0
0
0
0
0
0
0
0
0
0
0
0
0
0
0
0
0
0
0
0
0
0
0
0
0
0
0
0
0
0
0
0
0
0
0
0
0
0
0
0
0
0
0
0
0
0
0
0
0
0
0
0
0
0
0
0
0
0
0
0
0
0
0
0
0
0
0
0
0
0
0
0
0
0
0
0
0
0
0
0
0
0
0
0
0
0
0
0
0
0
0
0
0
0
0
0
0
0
0
0
0
0
0
0
0
0
0
0
0
0
0
0
0
0
0
0
0
0
0
0
0
0
0
0
0
0
0
0
0
0
0
0
0
0
0
0
0
0
0
0
0
0
0
0
0
0
0
0
0
0
0
0
0
0
0
0
0
0
0
0
0
0
0
0
0
0
0
0
0
0
0
0
0
0
0
0
0
0
0
0
0
0
0
0
0
0
0
0
0
0
0
0
0
0
0
0
0
0
0
0
0
0
0
0
0
0
0
0
0
0
0
0
0
0
0
0
0
0
0
0
0
0
0
0
0
0
0
0
0
0
0
0
0
0
0
0
0
0
0
0
0
0
0
0
0
0
0
0
0
0
0
0
0
0
0
0
0
0
0
0
0
0
0
0
0
0
0
0
0
0
0
0
0
0
0
0
0
0
0
0
0
0
0
0
0
0
0
0
0
0
0
0
0
0
0
0
0
0
0
0
0
0
0
0
0
0
0
0
0
0
0
0
0
0
0
0
0
0
0
0
0
0
0
0
0
0
0
0
0
0
0
0
0
0
0
0
0
0
0
0
0
0
0
0
0
0
0
0
0
0
0
0
0
0
0
0
0
0
0
0
0
0
0
0
0
0
0
0
0
0
0
0
0
0
0
0
0
0
0
0
0
0
0
0
0
0
0
0
0
0
0
0
0
0
0
0
0
0
0
0
0
0
0
0
0
0
0
0
0
0
0
0
0
0
0
0
0
0
0
0
0
0
0
0
0
0
0
0
0
0
0
0
0
0
0
0
0
0
0
0
0
0
0
0
0
0
0
0
0
0
0
0
0
0
0
0
0
0
0
0
0
0
0
0
0
0
0
0
0
0
0
0
0
0
0
0
0
0
0
0
0
0
0
0
0
0
0
0
0
0
0
0
0
0
0
0
0
0
0
0
0
0
0
0
0
0
0
0
0
0
0
0
0
0
0
0
0
0
0
0
0
0
0
0
0
0
0
0
4,470,000
670,000
66,300
456,000
0
16,900
4,110
0
5,430,000
0
17,300,000
557,000
1,600
8,530,000
0
0
0
0
0
0
0
0
2,310,000
0
0
0
0
0
0
948,000
948,000
0
93,700
0
33,000,000
0
0
0
0
0
0
0
0
0
0
0
0
0
0
0
0
0
0
0
0
0
0
0
0
0
0
0
0
0
0
0
0
0
0
0
0
0
0
0
0
0
385,000
59,600
312,000
12,500,000
65,300
0
230,000
1,130,000
409,000
775,000
11,500,000
11,600,000
1,050,000
1
508,000
435,000
2,120,000
8,950,000
1,850,000
414,000
75,100
674,000
997,000
723,000
44,300
4,920,000
686,000
14,600
5
1,330,000
48,800
0
0
0
7,790,000
0
0
6,960,000
0
25,900
493,000
200,000
326,000
39,800
48,900
5,620,000
39,800
0
0
3,250,000
768,000
0
0
0
185,000
1,800,000
8,900,000
0
7,220,000
220,000
537,000
0
0
81,000,000
9,710,000
1,510,000
2,930,000
1,320,000
2,740,000
626,000
1,460,000
6,470,000
2,290,000
6,860,000
0
0
0
0
0
0
0
0
0
0
0
0
2,620,000
0
0
0
0
0
0
0
0
0
0
0
0
0
0
0
0
0
0
0
0
0
0
0
0
1,850,000
0
0
375,000
0
0
0
0
159,000
54,200
0
0
67,800,000
26,000
1,480,000
4,350
48,000,000
0
0
0
0
0
1,770,000
0
0
0
0
0
4,910,000
0
10,400,000
0
0
0
0
0
0
0
0
0
0
0
0
0
0
0
0
0
0
0
0
0
0
0
0
0
0
0
0
0
0
0
0
0
0
0
0
0
0
0
0
0
0
0
0
0
0
0
0
0
0
0
0
0
0
0
0
0
0
0
0
0
0
0
0
0
0
0
0
0
0
0
0
0
0
0
0
0
0
0
0
0
0
145,000
744,000
18,500
0
0
0
0
0
0
0
0
0
0
0
0
0
0
0
0
0
0
0
0
0
0
0
0
0
0
0
0
0
0
0
0
0
0
0
0
566,000
292,000
0
0
0
2,160
0
0
0
0
0
0
0
0
0
0
0
0
930
0
72,100
646,000
0
30,200
46,400
0
55,800
22,100
4,360
72,700
0
0
0
33,500
0
0
2,220,000
126,000
120,000
8,670,000
13,400
0
0
1,860,000
0
0
0
0
0
0
0
0
0
0
0
0
0
0
0
0
0
0
0
45,700
0
137,000
9,130
125,000
163,000
69,400
98,700
557,000
22,600
7,360
34,600
377,000
162,000
757,000
361,000
76,000
0
0
0
5,470
126,000
771,000
1,360
12,100,000
0
1,380,000
3,670,000
0
0
7,020
0
55,300,000
0
197,000
3,190,000
0
25,800
13,600
0
0
0
0
1,080,000
947,000
0
21,700,000
0
0
0
0
0
1,580,000
16,800,000
1,950,000
132,000
0
0
0
0
308,000
5,240,000
919,000
1,710,000
187,000
132,000
0
0
0
145,000
126,000
325,000
199,000
0
0
0
0
1,860,000
0
803,000
0
5,840,000
0
50
0
0
0
0
0
0
0
0
0
0
0
0
0
0
0
0
0
349,000
40,900,000
1,840,000
3,920,000
2,260,000
0
0
0
0
0
0
665,000
0
28,200
1,920,000
358,000
5,010,000
350,000
63,200
638,000
43,200
1,950,000
117,000
2,380
1,170,000
2,110,000
847,000
2,950,000
1,170,000
908,000
854,000
1,620,000
910,000
2,440,000
15,300
20,600
1,820,000
540,000
8,550,000
1,720,000
356,000
585,000
1,820,000
55,100,000
75,500
550,000
4,000,000
5,360,000
187,000
6,050,000
912,000
960,000
370,000
260,000
465,000
309,000
3,840,000
38,800
102,000
2,960,000
139,000
247,000
8,420,000
1,110,000
2,140,000
6,400,000
1,700,000
843,000
3,060,000
145,000
515,000
566,000
6,930,000
424,000
579,000
59,100,000
1,850
313,000
0
0
7,210
0
0
0
0
0
0
0
0
0
0
3,260,000
0
0
0
0
0
0
0
0
0
0
0
0
0
0
0
0
0
0
0
0
0
0
704,000
187,000,000
516,000
0
454,000
21,600,000
2,550,000
0
0
0
0
0
0
0
0
0
0
0
0
0
0
0
0
0
0
0
0
0
0
0
0
0
0
0
0
0
0
0
0
0
0
0
0
0
0
8,510,000
0
0
0
0
0
0
0
270,000
0
0
0
175,000
0
0
0
0
0
0
0
0
1,910
0
0
0
0
0
168,000
0
0
0
848,000
165,000
0
0
0
0
0
0
0
0
0
0
0
0
0
0
0
0
0
0
0
0
0
0
0
0
0
0
0
0
0
0
0
0
0
0
0
0
0
0
0
0
0
0
0
0
0
0
0
0
0
0
0
0
0
0
0
0
0
4,330
0
0
0
4,150,000
10,300,000
2,630,000
0
0
0
6,520,000
2,620,000
3,560,000
18,600
0
0
0
0
2,740,000
5,420,000
0
0
0
0
0
0
0
0
2,540,000
0
0
0
0
0
0
0
0
37,200
0
0
92,600
395
0
0
163,000
4,550,000
534,000
0
0
236,000
8,460
620,000
52,700,000
724,000
690,000
0
0
0
12,800,000
0
1,660,000
20,300,000
0
0
0
0
0
0
0
0
0
0
0
0
0
0
0
0
0
0
0
0
0
9,420,000
0
0
0
0
0
0
0
0
0
0
0
0
0
0
0
0
0
0
0
0
0
0
0
0
0
0
0
0
0
0
0
0
0
0
0
0
0
1,360,000
0
3,980,000
989,000
0
0
0
0
0
0
0
0
0
0
0
0
0
0
0
0
0
0
0
0
0
0
0
0
0
0
0
0
0
0
0
0
0
0
0
0
0
0
0
0
0
0
0
0
0
0
0
0
0
0
0
0
0
0
0
0
0
0
0
0
0
0
0
0
0
0
0
0
0
0
0
0
5,680
0
0
1,900,000
0
930,000
0
560,000
1,070,000
1,070,000
0
0
0
0
0
0
0
0
225
0
0
0
0
0
0
0
0
0
0
0
0
534,000
0
0
0
0
0
9,850
0
0
0
0
0
0
0
0
0
0
0
0
0
2,850,000
123,000
174,000
0
0
0
0
0
0
0
10,900,000
580,000
67,000
4,060,000
2,510,000
0
0
13,200
27,200
0
0
0
0
0
0
4,960,000
0
0
0
0
0
0
0
4,180,000
0
0
0
0
0
0
0
0
126,000
0
0
0
2,360,000
0
0
23,400,000
87,500
1,130,000
0
0
0
0
0
91
0
0
0
0
0
0
0
0
0
31,800
0
34,700,000
477
0
0
0
252
150,000
88,600
0
0
0
0
0
0
6,070,000
0
0
0
0
39,200,000
2,940,000
0
0
32,300,000
0
0
0
0
0
0
0
437,000
0
0
0
0
0
0
0
0
0
10,400
233,000
0
0
0
0
0
0
252,000
178,000
21,200,000
0
0
0
0
0
0
0
0
0
0
0
0
0
0
50,800
0
0
13,200,000
1,570,000
0
0
0
0
0
0
0
0
0
0
0
0
0
0
40,500
1,250,000
55,100
207,000
1,100,000
0
0
0
0
0
0
0
0
0
0
0
0
0
0
0
0
0
0
0
0
0
0
0
0
0
0
0
0
0
0
0
0
1,150,000
18,900
328,000
323,000
5,210
1,520,000
28,300
75,800
166,000
66,500
8,210
32,300
1,230
203,000
11,600
156,000
39,300
49,400
0
0
0
0
482,000
123,000
0
0
0
0
0
41,500
3,040,000
540,000
7,850,000
0
0
0
0
0
0
0
0
0
78,600
0
0
0
0
0
0
0
0
0
0
0
0
0
0
0
0
0
0
0
0
0
0
0
0
2,030,000
0
0
0
0
111,000
0
0
0
0
0
0
0
48,400
0
0
0
0
0
0
0
0
0
0
0
0
0
0
0
0
0
0
0
0
0
0
0
0
0
0
0
0
0
0
0
0
0
0
0
0
0
0
0
0
0
0
0
0
0
0
0
0
0
0
0
0
0
0
0
0
0
0
0
0
0
0
0
0
0
0
0
0
0
0
0
0
0
0
0
0
0
0
0
0
0
0
0
0
0
0
0
0
0
0
0
0
0
0
0
0
0
0
0
0
0
0
0
0
0
0
0
0
0
0
291,000
0
0
0
0
0
0
0
0
0
0
0
5,480,000
0
302,000
46,300
19,400
405,000
85,200
0
0
0
0
0
0
0
0
0
0
0
0
8,260
0
0
0
0
0
0
0
0
0
454,000
0
0
0
0
0
0
0
0
164,000
21,500,000
43,700,000
2,010,000
0
0
0
0
0
0
0
2,430,000
0
0
0
0
0
0
0
0
2,910,000
0
9,140,000
21,600,000
0
0
0
21,200
0
0
0
64,600
0
0
0
0
0
0
0
0
0
0
0
0
430,000
72,600
406,000
292,000
5,440,000
1,130,000
391,000
78,800
510,000
914,000
988,000
1,680,000
286,000
328,000
445,000
26,100
13,900,000
65,600
0
0
0
0
0
0
0
0
0
0
0
0
0
0
0
0
0
0
0
0
0
0
0
0
0
0
0
0
0
0
0
0
0
0
0
0
0
0
0
0
0
0
0
0
0
0
0
0
0
0
0
0
0
0
0
0
0
0
0
0
0
0
0
0
0
0
0
0
0
0
0
0
0
0
0
0
0
0
0
0
0
0
0
0
0
0
0
0
0
0
0
0
0
0
0
0
0
0
0
0
0
0
0
0
0
0
0
0
0
0
0
0
0
0
0
0
0
0
0
0
0
0
0
0
0
0
0
0
0
0
0
0
0
0
0
0
0
0
0
0
0
0
0
0
0
0
0
0
0
0
0
0
0
0
0
0
0
0
0
0
0
0
0
0
0
0
0
0
0
0
0
0
0
0
0
0
0
0
0
0
0
0
0
0
0
0
0
0
0
0
0
0
0
0
0
0
0
0
0
0
0
0
0
0
0
0
0
0
0
0
149,000
0
0
0
0
0
0
0
0
0
0
0
0
0
0
0
0
0
0
0
0
0
0
0
0
0
0
0
0
0
485,000
129,000
1,240,000
0
0
0
5,170,000
0
0
0
0
0
0
90,800
0
0
0
0
0
0
0
0
0
0
0
0
0
0
70,100
0
0
0
972,000
550,000
0
0
845,000
0
0
0
0
91,900
2,780,000
12,900,000
26,100,000
3,090,000
460,000
2,110,000
1,100,000
5,970,000
2,180,000
1,640,000
552,000
358,000
12,500,000
2,060,000
7,040,000
141,000
212,000
535,000
304,000
10,600,000
67,400
322,000
1,500,000
912,000
16,600,000
551,000
949,000
136,000
314,000
96,800
1,120,000
435,000
1,430,000
461,000
2,050,000
11,500,000
20,800
311,000
31,300,000
1,600,000
698,000
5,320,000
655,000
26,300,000
969,000
883,000
5,120,000
493,000
573,000
2,940,000
53,200
1,210,000
1,730,000
2,830,000
10,300,000
1,110,000
91,900
18,700
147,000
0
0
0
1,100,000
0
0
0
0
0
0
0
0
90,300
170,000
0
0
0
251,000
56,800
0
0
0
0
0
175,000
713,000
1,010,000
562,000
107,000
93,900
401,000
149,000
0
1,100,000
66,900
341,000
2,070,000
508,000
0
0
22,000
7,330
3,260,000
280,000
358,000
21,700
1,690,000
1,140,000
95,200
165,000
130,000
0
0
0
1,880,000
0
1,810,000
3,060,000
0
0
0
0
0
0
0
0
0
0
1,010,000
0
0
0
0
0
0
0
0
0
0
0
0
0
0
0
0
0
0
0
0
13,200,000
23,800
0
0
0
0
0
0
0
2,650,000
15,200,000
0
0
0
0
0
0
0
0
790,000
224,000
0
0
0
0
0
0
0
16,900,000
14,900
55,400
10,300
99,600
114,000
0
0
0
0
0
751,000
3,570,000
0
0
0
0
0
0
0
0
41,100
78,400
0
56,700
0
0
9,740,000
4,470,000
2,540,000
0
0
0
208,000
547,000
55,100
72,200
0
0
0
0
5,010,000
7
0
0
0
0
105,000
70,700
0
594,000
1,340,000
0
0
0
0
0
0
189
174,000
493,000
0
0
0
0
0
0
0
0
0
0
0
0
0
0
0
0
0
0
0
0
0
0
0
0
0
0
0
0
0
0
0
0
0
0
0
0
0
0
0
0
0
0
0
0
0
0
0
0
0
0
0
0
0
0
0
0
0
0
0
0
0
0
0
0
0
0
0
0
0
0
0
0
0
0
0
0
0
0
0
0
0
0
0
0
0
0
0
0
0
0
0
0
0
0
0
0
0
0
0
0
0
0
0
0
0
0
0
0
0
0
0
0
0
0
0
0
0
0
0
0
0
0
0
0
0
0
0
0
0
0
0
0
0
0
0
0
0
0
0
0
0
0
0
0
0
0
0
0
0
0
0
0
0
0
0
0
0
0
0
0
0
0
0
0
0
0
0
0
0
0
0
0
0
0
0
0
0
0
0
0
0
0
0
0
0
0
0
0
0
0
0
0
0
0
0
0
0
0
0
0
0
0
0
0
0
0
0
0
0
0
0
0
0
0
0
0
0
0
0
0
0
0
0
0
0
0
0
0
0
0
0
0
0
0
0
0
0
0
0
0
0
0
0
0
0
0
0
0
0
0
0
0
0
0
0
172,000
0
0
0
0
0
0
0
0
0
0
0
0
136,000
297,000
32,700
2,240,000
0
0
0
0
2,760,000
35,800,000
0
0
0
0
0
0
0
0
0
0
0
0
0
0
0
0
0
0
8,350,000
0
0
0
5,560,000
69,600
1,330,000
5,200
0
1,360,000
640,000
0
0
0
0
0
836,000
0
0
0
3,400,000
0
0
0
0
0
0
0
639,000
0
0
0
2,220
0
0
0
0
327,000
8,210
0
0
0
2,320,000
1,330,000
0
256,000
1,400,000
348,000
3,400,000
9,620,000
211,000
0
0
0
644,000
0
0
1,830,000
0
0
0
0
0
0
0
9,790,000
0
0
12,900,000
0
0
0
0
0
0
0
0
0
0
0
0
0
0
7,340,000
8,360,000
301,000
0
31,400
0
0
0
0
224,000
9,760,000
3,690,000
0
5,470
0
10,100,000
6,410,000
0
0
0
0
0
0
0
0
0
0
4
0
148,000
0
0
121,000
328,000
4,220,000
353,000
465,000
0
0
0
472,000
0
0
0
0
0
561,000
0
0
0
1,350,000
550,000
0
0
0
2,930
19,400
1,600,000
0
0
11,200
1,460,000
758,000
171,000
5,300,000
2,750,000
640,000
0
0
0
1,540,000
890,000
0
1,130,000
8,410,000
2,570,000
0
369,000
0
1,280,000
0
0
0
36,700,000
0
0
112,000
945
0
0
0
0
35,500,000
150,000
1,070,000
0
0
0
83,400
0
0
0
1,280,000
2,200,000
0
0
795,000
0
0
0
0
0
0
0
0
0
0
0
0
0
0
0
0
5,670,000
580,000
0
124,000
0
0
0
0
1,320,000
0
0
0
0
11,800
277
0
0
0
0
0
2,860,000
0
0
0
9,420,000
0
0
0
0
0
0
0
0
0
0
0
5,800,000
41,800,000
0
0
0
0
0
239,000
106,000
0
0
195,000
0
0
0
15,000
0
0
0
0
0
0
0
0
0
0
0
0
0
0
0
0
0
0
0
0
0
0
149,000
43,200
2,190,000
1,510,000
483,000
3,920,000
330,000
0
193,000
5,980
14,200
99,900
114,000
2,630,000
171,000
107,000
613,000
248,000
294,000
810,000
66,500
377,000
344,000
334,000
598,000
0
63,700,000
461,000
0
0
0
0
343,000
150,000
0
0
23,100
27,600
117,000
714
0
0
0
945
72,800,000
73,500,000
25,900
0
466,000
0
0
0
1,870,000
1,150,000
0
2,880,000
3,830,000
444,000
0
0
0
0
0
0
0
0
0
0
0
0
0
0
577,000
0
6
3,020
487,000
0
4,180,000
8,330
2,390,000
37,400,000
375,000
1,910,000
33,300
2,830,000
0
0
23,200,000
506,000
0
4,470,000
14,200,000
0
354,000
0
66,500
0
0
0
0
0
0
2,750,000
0
0
0
0
0
0
0
0
1,570,000
10,700,000
323,000
5,640,000
5,990,000
425,000
0
0
1,730
751,000
431,000
2,340,000
718,000
597,000
557,000
11,800
249,000
0
0
0
0
0
0
0
0
10,700
0
0
0
560,000
55,200
0
0
0
0
0
0
0
3,850,000
16,300,000
0
0
0
0
1,180,000
10,300,000
0
1,670,000
0
0
0
0
260,000
1,300,000
212,000
0
0
0
0
8,200,000
44,500
0
0
0
0
0
0
0
48,600,000
1,920
0
0
583,000
5,470,000
0
597,000
0
0
0
0
0
0
0
0
0
0
0
0
0
0
0
0
0
3,110,000
0
0
0
0
0
0
0
1,720,000
0
1,580,000
0
0
0
0
0
0
0
0
0
0
0
0
0
0
0
0
0
0
0
0
0
0
0
0
0
0
0
0
0
0
0
0
0
0
0
0
0
0
0
0
0
0
0
0
0
0
0
0
0
0
0
0
0
0
0
0
0
0
0
0
0
0
0
178,000,000
0
0
0
0
0
0
0
0
3,240,000
0
0
0
0
0
0
0
0
0
0
0
0
0
0
0
781,000
9,060
552,000
0
1,020,000
0
0
0
0
0
0
0
0
0
0
0
0
0
0
0
0
0
0
0
0
0
3,280,000
0
0
0
0
0
0
0
0
0
0
0
0
3,680,000
2,660,000
0
0
286,000
0
0
91
0
0
0
0
0
0
0
0
0
0
933,000
942,000
0
6,330,000
638,000
0
0
0
0
0
0
0
4,400,000
0
0
0
0
0
0
0
0
0
0
0
3,370,000
0
29,600
258,000
0
0
2,670,000
0
0
0
0
0
0
115,000
344,000
28,800
0
0
0
0
0
0
0
138,000
1,220,000
0
18,500,000
12,700,000
2,900,000
0
0
0
0
0
0
0
0
0
0
0
0
0
0
0
0
0
0
0
0
0
0
0
0
0
0
0
0
0
0
0
0
0
0
0
24,500
8,060,000
442,000
43,900
2,180,000
191,000
70,700
7,970
177,000
0
2,370,000
599,000
23,400
0
0
0
0
0
75,500
0
1,300,000
0
0
0
699,000
486,000
0
1,310,000
15,400,000
2,930
576,000
0
0
138,000
1,810
0
418,000
626,000
173,000
0
0
0
0
1,160,000
0
7,680
0
12,400,000
543,000
0
1,920,000
0
23,400
1,070,000
26,600,000
0
0
0
46,600,000
2,030,000
20,800,000
669,000
595,000
3,860,000
94,700
130,000
0
0
0
0
0
0
0
0
0
0
11,000,000
1,890,000
0
0
0
0
0
0
0
202,000
3,780,000
0
0
47,400
0
321,000,000
0
0
162,000
0
0
0
0
0
0
0
0
0
783,000
3,780,000
0
0
0
0
0
132,000
971,000
717,000
69
2,620
0
0
60,300
0
0
0
3,610,000
1,130,000
1,290,000
0
0
0
165,000
0
0
0
0
0
0
0
0
0
0
0
0
0
0
0
0
0
0
0
0
0
0
0
0
0
0
0
0
0
0
0
0
0
0
0
0
0
0
0
0
0
0
0
0
0
0
0
0
0
0
0
0
0
0
0
0
0
0
0
95,300
0
0
0
0
0
0
0
0
0
0
0
0
0
0
0
0
0
0
0
0
0
0
0
365,000
6,710,000
0
0
2,790,000
3,940,000
18,000,000
3,780,000
0
0
0
0
320,000
23,700
0
0
0
0
927,000
275,000
0
0
0
4,970,000
0
409,000
992,000
43,200,000
0
0
341,000
6,230,000
0
3,890,000
0
0
0
102,000
0
560,000
0
871,000
0
0
0
0
0
0
0
38,300
1,120,000
15,400
0
0
86,700
0
0
0
0
0
25,400
0
0
0
0
13,900,000
0
1,070,000
0
4,080
15,800,000
551,000
411,000
29,400
252,000
0
33,500
0
682,000
579,000
272,000
0
0
0
0
0
99,700
808,000
610,000
96,300
2,340,000
833,000
369,000
3,120,000
641,000
656,000
2,760,000
741,000
1,280,000
272,000
691,000
4,120,000
143,000
6,900,000
913,000
1,130,000
3,870,000
11,500,000
2,140,000
1,230,000
270,000
1,060,000
1,690,000
249,000
1,240,000
3,930,000
215,000
21,000,000
386,000
462,000
6,140,000
6,010,000
834,000
315,000
1,060,000
10,300,000
919,000
1,460,000
1,710,000
30,400
24,200,000
4,250,000
8,810,000
22,100,000
816,000
386,000
82,400
618,000
1,840,000
4,000,000
810,000
3,490,000
8,710,000
2,620,000
504,000
29,200
96,300
255,000
6,060,000
402,000
774,000
149,000
2,240,000
1,380,000
21,100
954,000
2,430,000
1,040,000
16,100,000
1,590,000
688,000
4,700,000
1,490,000
9,270,000
471,000
3,480,000
1,050,000
3,150,000
582,000
1,180,000
690,000
341,000
237,000
1,800,000
438,000
1,150,000
7,650,000
1,270,000
7,150
3,920,000
901,000
42,100
1,310,000
1,840,000
620,000
273,000
153,000
21,200
0
5,820,000
863,000
885,000
0
0
0
0
3,190
1,150,000
0
0
0
0
0
3,020,000
3,830,000
0
0
0
0
0
0
0
5,170,000
0
0
0
18,300,000
17,100,000
0
0
21,900
0
0
0
2,940,000
0
6,380,000
11,700,000
1,080,000
8,950,000
617,000
0
4,990,000
237,000
0
0
0
0
0
0
0
0
444,000
0
138,000
403,000
2,520,000
97,600
3,230,000
12,800,000
3,410,000
2,040,000
2,940,000
66,800
1,730,000
68,500
6,980,000
327,000
2,740
2,000,000
1,070,000
6,080,000
11,300,000
1,690,000
12,900,000
512,000
2,440,000
388,000
388,000
858,000
570,000
709,000
1,390,000
499,000
467,000
238,000
741,000
38,800
1,180,000
922,000
83,600
482,000
43,800
1,370,000
329,000
4,350,000
5,360,000
1,830,000
0
137,000
0
598,000
328,000
0
0
0
0
0
0
0
0
0
655,000
850,000
0
0
0
0
0
34,700
1,030,000
0
0
0
0
0
0
0
0
0
57,400
0
35,100
632,000
2,260,000
3,380,000
162,000
313,000
772,000
89,300
1,080,000
2,320,000
1,060,000
407,000
476,000
579,000
20,300
236,000
456,000
164,000
101,000
1,100,000
1,810,000
6,120,000
1,300,000
1,670,000
428,000
75,700
1,480,000
727,000
14,100
1,020,000
79,600
344,000
2,320,000
148,000
2,020,000
49,700,000
37,500
339
2,600,000
703,000
464,000
258,000
156,000
2,000,000
882,000
467,000
213,000
0
0
73,600
0
0
2,110,000
1,620,000
210,000
2,750,000
1,440,000
15,200,000
10,800,000
464,000
49,300
26,500,000
134,000
1,930,000
6,280,000
0
0
0
26,300
737,000
