0
0
0
0
0
0
0
0
0
0
0
0
0
0
0
0
0
0
0
0
0
0
0
0
0
0
0
0
0
0
0
0
0
0
0
0
1
2
1
6
6
0
0
0
0
3
12,100
6
149
0
1
0
316
116
14,300
27,900
0
0
0
0
0
1
1
0
0
0
0
0
0
0
0
117
0
0
0
0
0
0
0
1,660
4,000
1
54
69
489
2,870
1,290
5
932
1,390
302
786
0
40,300
420
6,660
0
0
0
0
1
0
0
0
0
0
0
0
0
0
0
0
0
2
1,600
0
0
0
9
9
14,400
0
0
3
7,030
0
4
212
1
0
3
0
0
3
24,800
0
0
0
0
0
0
0
0
0
0
0
0
0
0
0
0
0
0
0
0
0
0
0
0
0
3
0
9
1,400
5
0
0
3
0
658
0
1
0
1,580
0
1,360
0
0
0
0
0
0
0
0
0
0
0
0
0
0
0
0
0
0
0
0
0
0
0
0
30,000
0
1,810
0
1,810
0
0
0
45,600
0
0
0
0
0
0
33
9
0
0
0
0
0
0
0
0
0
0
0
0
0
0
0
0
0
0
0
0
9
0
0
0
0
5,880
16,200
71
955
0
0
0
0
8
0
8
2,970
9,840
6,320
0
0
0
0
0
2
3,480
6
9
16,500
1,050
7,790
664
0
0
0
0
0
0
0
0
0
0
0
0
0
0
0
0
0
0
0
0
0
0
98,700
565,000
2,060
25,900
233,000
0
0
0
0
0
0
0
0
0
0
0
0
0
0
0
0
0
0
0
0
0
0
0
0
0
0
0
0
0
0
0
0
0
0
0
0
0
0
0
0
0
0
0
0
0
0
0
0
0
0
0
0
0
0
0
68
0
0
0
0
0
1
0
0
0
0
0
0
0
0
0
0
0
0
0
0
70,800
36,500
80,000
367,000
271,000
15,700
9,490
108,000
6,030
8
6
748
13,000
0
109,000
18,600
207,000
0
0
0
0
0
0
0
0
0
0
0
0
0
0
0
0
0
0
7,760
13,300
47,100
31,800
901
0
0
0
107,000
2,270,000
35,200
0
0
0
0
0
0
0
0
0
0
0
0
0
0
0
0
0
2
0
325,000
2,360,000
203,000
5,570
5
0
0
449,000
0
0
0
0
0
0
0
0
2,410,000
0
323,000
0
0
0
0
0
0
54,700
0
0
0
7
3
0
0
0
0
0
0
0
0
0
0
0
0
0
0
0
0
0
40,800
84,200
34,700
0
0
0
0
0
0
0
0
0
11,200
0
0
0
0
2,390
0
109,000
0
0
261,000
0
0
0
0
0
0
0
0
0
0
0
0
0
0
0
0
0
1,690
1,350,000
0
3,400
730,000
54,500
258,000
2,910
4,360
31,600
22,100
0
21,400
4,280
0
0
0
0
0
0
0
0
0
29,400
14,100
3,660
0
1,340,000
15,300
131,000
1,270
399,000
338,000
0
2,370
0
0
0
0
0
0
0
0
0
0
32,000
0
0
0
0
1,830
0
0
1
0
0
0
0
0
0
3
0
0
0
2,130
0
0
36,400
0
1
0
2
2,850
6
0
0
0
0
0
0
16,100
4,610
1,310
2,600
180,000
14,200
0
0
11,200
0
0
0
1,830
3
0
1
2
224
221
40,700
1,740
355
30,700
5
671
93,600
1,270
0
1
22,300
4,430
0
0
0
0
0
0
0
0
0
0
2
441
9
7,610
2,070
77
4,150
207
1,560
3,110
223
7
620
2,500
3,210
0
0
0
0
0
0
0
0
0
0
0
0
0
0
0
0
0
0
0
0
0
0
0
0
0
0
0
0
4
8
1,080
0
0
1,310
13,300
810
346
1
0
505
6,550
0
0
0
0
7
0
0
0
0
0
0
0
0
0
0
0
0
0
267
820
0
0
0
0
0
0
0
0
0
0
33,700
142,000
19,100
82,100
19,800
0
1,020,000
683,000
92,600
151,000
2
7
25,200
1,180
0
0
102
0
21,300
1,570
65,800
0
4,950,000
2,280
3,230
44
10,800
3,130
29,000
2,990
58,300
8
53,900
62,300
64,200
5,490
6,990
106,000
4,270
113
107
1,570
128
71,600
1
5,950
75,500
9,400
3,470
32,600
3
90,300
43,000
55,200
313,000
55,000
142,000
206,000
10
154,000
0
0
0
0
0
0
0
0
0
0
0
0
0
0
0
0
0
0
706
0
0
0
325
0
0
0
0
0
8,660
252
2,560
2,190
1,480
19,400
1,420
6,340
21,600
2,450
8,050
45,700
24,500
3,800
12,100
14,200
0
0
0
0
0
0
0
0
0
0
0
0
0
0
0
0
0
0
0
0
0
0
0
0
0
0
0
0
0
0
0
0
0
0
0
0
0
0
0
0
0
0
0
0
0
0
0
0
0
0
0
0
0
0
0
0
0
0
0
0
0
0
0
0
0
0
0
0
0
0
0
0
0
0
0
0
0
9,110
0
0
0
0
0
3,880,000
3
0
0
0
0
0
0
0
0
0
0
0
0
0
0
0
0
0
0
0
0
0
0
0
0
0
0
0
0
0
0
0
0
0
0
0
0
0
0
0
0
0
0
0
0
0
0
0
0
0
0
0
0
0
0
0
0
0
0
0
0
0
0
0
0
0
0
0
0
0
0
0
0
0
0
0
0
0
0
0
0
0
0
0
0
0
0
3
25,500
4
0
0
167,000
21,100
42,400
164,000
3
30,900
168,000
20,800
99,500
10,800
0
0
3
4
12,900
7
1
3,750
0
0
0
0
5,940
0
0
0
180,000
485
11,700
27,900
335,000
613,000
98,400
7
4,980
1,500
127
300,000
415,000
1
4
266
7
0
0
8
0
0
0
0
0
64,100
915
28,800
268,000
71,000
0
2
108,000
98,900
307
21,200
31,500
288
1,400
28,300
928,000
376,000
0
0
0
0
0
0
0
0
0
0
0
0
0
3
129,000
0
0
0
0
0
7
2
978
577
11,700
10,200
3,700
3,620
22,800
50,200
1,410
5,740
0
0
10,400,000
0
0
0
0
4,850
0
0
0
0
1,280
22,600
0
0
0
0
3,050
0
0
0
0
317
0
0
77
157
1
0
0
4,360
25,000
43,300
23,300
0
1,580
8
1,300,000
362,000
12,000
11,100,000
1
4,430,000
844,000
448,000
8,210
435,000
295,000
1,180,000
4,400,000
105,000
34,400,000
15,900,000
8,920
556
25,600
37,200
5,350
197,000
4,010
0
0
0
72,700
10,300
163,000
179,000
0
0
122,000
0
0
151,000
28,100
6,910
5,820
0
94,900
7,860
28,900
300,000
38,100
0
0
0
0
0
0
0
0
0
1,920
0
0
0
0
0
0
0
0
0
0
0
0
13,400
0
7
0
635,000
106,000
0
0
0
0
0
0
0
0
0
0
0
0
0
0
0
0
0
0
0
0
0
0
0
0
0
0
0
0
0
0
0
199,000
0
0
0
0
0
0
0
0
0
0
0
0
0
0
0
0
0
0
0
0
0
0
0
0
0
0
0
1,580
0
0
0
0
0
0
0
0
0
0
0
0
0
0
0
0
0
0
0
0
0
0
0
0
0
0
0
0
0
0
0
0
0
0
0
4,660
3
0
0
0
538,000
2,360,000
0
1,850
11,400
18,800
27,800
13,400
0
152,000
4,290
66,200
40,700
5
113,000
111,000
172,000
159,000
323,000
5,780
86,000
926
0
0
0
0
0
0
208,000
0
0
0
0
0
0
0
0
0
0
0
0
6,850
0
0
0
11,200
272,000
505
13,800
53,400
6
0
111
0
7,280
108,000
3
1
0
0
0
0
0
0
0
0
0
0
111
0
0
0
0
0
0
0
0
10,900
1,210
25,100
35,600
3,280
3,290
1,290
51
480,000
1,990
1,140
33,600
27,200
11,200
2,670
0
93,400
0
1
0
0
0
25,500
0
0
8
2
4
3
171
6
0
5
5
0
48,700
6,020
847
226,000
96,200
1
0
0
28,100
0
0
0
0
2,050
0
0
0
0
0
0
0
0
0
0
0
0
0
0
0
0
89
8,090
156,000
0
0
0
0
10
704
4,110
0
0
9,420
1,900
6,740
4,220
7,480
2,310
22,300
846
70,800
2,050
80
11,600
130
8
11,700
6,650
8
5,070
26,900
4,630
0
0
0
0
0
0
0
0
0
0
0
6
0
0
0
0
0
0
206,000
0
0
0
0
267
0
0
0
0
0
4,130
365,000
0
0
0
0
0
0
0
75,800
0
0
0
0
0
0
0
4,130,000
2
0
0
0
0
0
0
0
0
0
0
0
1,090,000
0
0
0
0
0
0
0
0
0
0
0
0
0
352
0
2
41,800
120,000
0
557
1,260
922
54
10,800
452,000
0
37,000
0
34,300
0
0
0
0
62,900
0
0
0
0
0
0
1,400
2
35,100
47,700
234
8,710
35,100
8,360
12,200
111,000
7,820
0
22,100
81,800
333
8
10
2
2,850
156
2
2,040
0
0
83,000
17,200
47,000
27,800
5
1,510
509
0
3,890
67,700
26,300
668,000
163,000
4,850
117,000
3,550,000
84,800
10,300
908,000
9,160
235,000
172,000
0
0
0
0
0
0
0
0
0
0
0
0
0
0
0
0
0
2
9
0
0
0
25,800
9,500
9,250
20,100
12,300
37,100
11,300
27,400
23,900
71,100
42,600
26,800
818
4,770
3,790
41,400
12,100
20,400
10,000
2,170
7,090
70,500
11,000
34,600
46,400
50,800
0
0
0
0
0
0
0
0
0
2,760
6,220
0
0
8
0
0
0
4,340
0
0
0
0
0
0
0
0
0
0
0
0
0
2,020,000
0
0
0
0
0
277,000
0
0
0
0
6
49,500
0
0
0
0
0
2
0
32,200
0
0
0
0
0
0
0
0
0
0
0
0
0
127,000
35,900
3,830
639
34,300
129,000
114,000
12,600
21,200
43,500
25,100
326,000
361,000
1
7,780
0
13,000
14,400
0
979,000
1
9
0
160
0
0
0
0
0
0
0
0
0
0
0
5
11,200
6
0
5
4,530
1,150
511
88,600
10,300
123,000
40,400
130
90,700
121
102,000
1,600
6,350
1,610
36,000
64,100
0
17,700
1,350
26,000
17,500
2,230
13,200
33
67,000
1,680
12,100
39,400
478
4,010
9
24,900
237,000
12,100
3,350
6
12,000
70,300
0
49,400
50,000
0
0
0
0
0
0
0
0
0
0
0
0
0
0
0
0
0
0
0
0
0
0
0
0
10,800
979,000
2
4
0
0
0
25,800
3,090
9,320
70,500
4,560
35,000
0
50,000
21,900
16,800
71,400
41,900
11,000
7,770
64,100
0
0
0
0
0
0
0
0
0
0
0
0
0
0
0
0
0
0
338,000
0
0
0
602,000
179,000
12,600
1,640
5
0
0
0
0
0
0
0
0
23,200
0
96,900
0
0
0
0
6,790,000
2,830,000
30,500
253,000
9,810
8,580
2,360
9
5,690
562
5,720
38,700
1
2,960
40,000
2
2,420,000
25,300
341
2
436
7
4,020
3
2,060
18,200
82
45,700
8,830
0
0
7
0
6
97,000
4,050
3,530,000
239,000
26,600
0
0
0
0
0
17,400
41,200
0
0
0
0
0
0
0
0
0
0
0
0
0
0
0
0
0
0
0
0
0
0
0
0
10,400
0
0
0
0
0
0
0
0
0
0
0
0
0
3
0
0
0
0
0
0
0
0
0
0
0
0
0
0
5,750
5,470
0
0
0
0
0
0
0
0
0
0
0
0
0
0
0
0
0
0
0
0
0
0
0
0
0
0
0
121,000
0
208,000
14,000
0
0
208,000
387,000
0
0
0
0
0
0
0
0
0
0
0
0
0
0
0
0
0
0
0
0
0
644
0
0
0
0
0
0
0
0
0
0
0
0
0
0
0
0
0
0
0
0
0
0
0
0
0
0
0
0
0
0
0
0
43,600
0
46,900
0
0
0
0
0
0
0
0
0
0
0
0
0
0
0
0
0
0
0
0
0
0
0
0
0
0
0
0
0
0
0
0
0
0
0
0
0
0
0
0
0
0
0
0
0
0
0
0
0
0
0
0
0
0
0
0
0
0
0
0
0
0
0
0
0
0
0
0
0
0
0
0
0
0
0
0
0
0
0
0
0
0
0
0
0
0
0
0
0
0
0
0
0
0
0
0
0
0
0
0
6,370
0
0
0
0
0
0
0
0
0
0
0
0
0
9,750
0
0
0
0
0
0
833
52,100
0
0
0
0
0
542
0
0
0
0
0
0
0
0
0
0
0
0
0
0
0
0
0
0
0
0
0
0
0
0
0
0
0
0
0
7
930
1
4
0
0
795
1,760
1
43
37
2,870
0
19,400
6
8
3
0
0
7
14,200
103
559
0
0
0
0
0
82,400
0
0
0
0
0
0
0
0
0
0
0
0
0
0
0
0
1,800
79,300
56
773
438,000
83,100
4,850
2,040
5
511,000
12,100
2,350
7
111,000
13,900
144,000
108
7,720
7,350
8
1
2
0
1
0
5
3
1
0
0
4
2
0
0
0
0
0
0
4
6
119
0
9
65,400
0
8
37,700
719
333
130
50,100
92,900
25,800
19,400
0
1,210
161,000
1
20,700
3
0
0
0
0
0
0
0
0
0
0
0
4
0
0
8,480
0
0
13,100
249,000
14,500
106,000
1,300
37,400
6,680
3,860
539
113
0
15,300
27
517
0
0
0
0
0
0
0
0
0
0
0
0
0
0
0
0
0
0
0
0
0
0
0
0
0
0
0
0
0
0
0
0
0
0
0
0
0
0
0
0
0
0
0
0
0
0
0
0
0
0
0
0
0
0
0
0
0
0
0
0
0
0
0
0
0
3
0
0
0
0
0
0
0
0
0
0
0
0
0
0
0
0
0
0
3,720
0
0
0
0
0
0
0
4,830,000
0
0
0
0
0
0
0
0
0
0
0
5,780
0
0
156,000
3
0
0
0
0
0
0
0
0
0
0
0
0
0
0
0
0
0
0
0
0
0
0
0
0
0
0
0
0
0
0
0
0
0
0
0
0
0
4
182,000
0
0
117,000
76
90,000
0
0
0
0
0
0
0
0
0
0
0
0
0
0
0
0
0
0
52,600
0
0
0
0
0
0
0
0
0
13,800
0
0
0
0
0
0
0
0
0
0
0
0
0
0
3
0
0
0
7
0
0
0
0
0
0
0
0
0
0
0
0
0
0
0
2,770
2
0
0
0
2
4
0
0
0
0
6
37,700
0
1
0
0
0
0
30,400
0
0
0
0
1
6
1
4
0
0
0
0
1
0
8
27,500
0
103,000
0
0
2,770
0
0
0
0
275,000
59,700
45,400
127,000
56
15,000
175,000
1,300,000
0
0
0
0
0
0
0
0
0
0
0
0
0
0
0
0
0
0
0
0
0
0
0
0
0
0
0
0
0
0
0
0
0
256,000
0
125,000
109,000
0
0
0
0
0
44,200
203,000
0
0
0
0
0
0
0
38
0
0
0
0
0
0
0
0
0
0
0
0
0
0
0
0
0
0
0
0
0
0
0
0
0
0
0
543
3
0
0
4
13,900
861
6
0
2,350
0
5
35,600
0
0
0
5
0
0
0
252
0
0
0
0
0
0
0
0
0
0
0
0
0
0
0
0
0
0
0
0
0
0
37,800
178,000
19,800
4,630
8,760
2,120
103,000
30,300
32,000
66,500
104,000
46
503,000
589
22,000
0
74,500
106,000
1,440
6,460
46,900
7,820
2,140
30,200
3,070
13,900
97,500
166,000
24,400
141
51
0
3
2,550
1,310
0
0
1,850
0
0
0
0
0
0
0
0
0
0
2,750
1
298
0
0
73,800
2
0
1,790
13,000
9
7
437
0
5,200
0
1
0
1
0
2
0
0
1,290
0
708,000
250,000
4,300
7
17,200
49,500
235
340
13,400
41,100
1,320
34,800
80,700
66,800
24,500
254
26,900
490,000
18,800
74,700
9,740
37,800
0
10,100
18,200
8,180
3
52,200
15,600
3,280
82
306,000
7,350
42,300
2
65,300
0
0
0
0
0
0
0
0
0
0
0
0
0
0
0
0
0
0
0
0
0
0
0
0
0
0
4,310
7
16,600
4
0
0
13,300
6
22,600
0
0
0
0
0
0
0
0
0
2
0
0
0
0
0
16,000
13,300
429,000
83,200
126,000
378,000
24,100
8,340
127,000
67,800
53,700
36,200
11,300
63,100
3,240
14,500
106
12,400
3
0
0
0
0
0
0
0
0
0
0
0
0
1,350,000
42,300
0
0
0
0
0
0
38,600
0
0
0
0
0
0
0
0
0
0
133,000
0
0
0
0
0
0
0
0
0
0
0
0
0
0
0
0
0
0
0
0
0
0
0
0
0
0
0
0
0
0
0
0
0
0
0
0
0
2,890,000
0
0
0
0
0
0
0
0
0
0
0
0
0
0
3,140
0
0
0
16,000,000
29
0
0
0
0
0
0
0
0
0
0
0
0
0
0
0
0
0
0
0
0
0
0
0
0
0
0
0
0
0
0
0
0
0
0
0
0
0
0
0
0
0
0
0
0
0
0
0
0
3
0
0
0
0
0
0
0
0
0
122,000
0
0
0
0
0
0
0
0
0
0
0
0
0
0
0
0
0
0
0
0
0
0
0
0
0
0
0
0
0
28,300
110,000
218,000
59,000
463,000
0
0
0
0
0
0
0
0
0
0
0
0
0
0
3
0
0
0
0
0
0
0
0
0
0
0
0
0
0
0
0
0
0
0
0
0
0
0
0
0
0
0
0
0
0
1,270
0
0
14,800
0
3,190
7,740
0
0
27,200
126,000
0
0
0
0
0
0
6,090
4,020
6
21,500
0
0
0
0
0
0
0
0
0
0
0
0
0
11,300
94,400
0
33,900
0
3
0
0
0
323
0
0
0
0
0
0
0
0
0
0
0
0
8
0
0
3
0
0
0
0
0
1,790,000
0
0
0
12,700
0
0
0
0
0
0
0
0
40,400
24,600
0
0
27,700
0
0
0
0
4,530
0
0
0
0
0
0
0
0
0
0
0
0
0
0
0
0
0
0
0
0
0
0
0
0
0
0
0
0
0
0
0
0
0
0
0
0
0
0
0
0
0
0
0
0
0
0
0
688
39,500
37,500
10,100
10,300
0
1
0
0
0
0
0
0
2,010,000
0
643
0
76,500
30,900
1,780
28
0
0
0
0
0
0
0
0
0
0
0
0
0
0
0
0
0
30,200
236,000
3,090,000
141,000
0
31,200
27,800
810
76,300
61,100
126,000
0
0
0
0
16,000,000
0
0
0
0
0
0
0
0
0
0
0
0
0
0
0
0
0
0
0
0
0
996,000
0
0
0
0
0
0
0
0
128,000
0
0
0
0
0
0
0
0
0
0
0
0
0
0
0
0
73,200
0
0
2,120
0
0
0
2
1,920,000
108,000
99,000
247,000
538
0
0
0
0
0
0
0
0
2,540
0
0
0
0
0
0
0
0
0
0
0
0
0
0
0
0
0
0
0
0
0
79,200
1,140,000
3,480
0
50,600
50,100
0
0
6,940
13,700
0
0
0
2
0
0
0
0
0
0
0
0
0
0
351,000
17,100
382,000
0
0
0
0
0
0
0
0
0
0
0
0
0
0
0
0
0
0
0
0
0
0
0
0
0
0
0
0
0
0
0
0
0
0
0
0
0
0
0
0
0
0
0
0
0
0
0
0
0
0
0
0
0
0
0
0
0
0
0
0
0
0
0
0
0
0
0
0
0
0
0
0
0
0
0
0
965,000
57,200
1,130
0
90,900
1,510
145,000
0
0
0
32,200
1,230,000
0
0
0
156
0
0
0
0
164,000
0
0
0
0
0
0
0
0
0
0
0
0
162,000
0
0
0
0
0
0
0
0
0
0
0
0
0
0
0
0
0
0
0
0
0
0
45,900
0
0
0
0
0
0
0
0
0
0
0
18,700
0
0
0
0
0
0
0
0
0
0
4
0
271,000
492,000
19,500
9,110
25,800
0
0
0
0
0
0
0
0
0
0
0
0
1
0
0
0
0
0
0
8
1
0
0
0
0
0
0
0
0
0
0
0
19,400
0
0
10,200
0
47,700
1
188,000
6
0
0
251,000
0
0
0
0
0
0
0
0
0
0
0
0
0
0
0
0
0
0
2,990
0
0
0
0
0
0
3,890
0
0
0
0
0
0
0
0
0
0
0
0
0
0
0
0
0
153
0
0
0
0
0
0
0
0
0
0
0
0
0
0
0
0
0
7,110
4,800
0
0
17,000,000
1,340
3
0
0
0
0
0
0
0
0
17,600
473,000
0
0
0
0
0
0
0
0
0
0
0
1,130
0
0
0
0
0
0
0
0
0
0
0
0
0
0
0
0
0
0
0
3
0
0
0
0
0
0
0
0
0
0
278,000
0
0
0
0
2,300
0
0
0
0
0
0
0
0
0
0
0
0
1,890
131,000
0
0
4
4
0
66,400
3,330
178,000
27,800
0
0
0
0
0
0
0
0
0
0
0
0
0
2
0
0
0
0
0
0
0
0
0
0
0
0
0
0
0
0
0
0
0
0
0
0
0
0
0
0
0
0
0
0
0
0
0
0
0
0
0
0
0
0
0
0
0
0
0
0
0
0
0
0
0
0
0
0
0
0
0
0
0
0
0
0
0
0
0
0
0
0
0
0
0
0
0
0
0
0
0
0
0
0
0
0
0
0
0
0
0
0
0
0
0
0
0
0
0
0
0
0
0
0
0
0
0
0
0
0
0
0
0
0
0
0
0
0
0
0
0
0
0
0
49,300
0
0
8
0
0
0
0
0
114,000
116,000
729,000
27,800
0
0
0
0
0
0
0
0
0
0
0
0
0
5
0
0
175,000
0
0
0
0
0
0
0
0
0
0
0
0
0
0
0
0
0
0
0
0
0
55
0
0
0
0
0
137,000
0
0
0
351
0
0
0
0
0
0
0
0
0
0
0
0
0
0
0
0
0
0
0
0
0
0
0
0
0
0
0
0
0
0
0
0
0
0
0
0
125,000
0
0
0
71,400
0
0
0
982
0
0
0
0
0
34,900
152,000
133,000
42,000
3,340,000
19,100
0
0
0
0
13,500
0
0
14,300
5,350
0
0
51,400
0
0
0
0
0
0
0
0
1,080
0
20,000
0
0
0
0
0
0
0
0
0
0
0
0
0
0
40,700
0
0
0
0
0
107
0
0
0
0
0
0
0
0
0
0
0
0
0
0
0
0
0
0
0
72,000
0
0
0
0
0
0
0
0
0
0
8
0
0
0
2,300,000
470,000
22,800
0
0
0
0
0
913,000
0
0
0
0
0
0
0
0
0
1
31,400
13,800
0
0
0
0
1
0
0
0
0
0
0
0
0
0
0
0
0
4,330
7,410
53,700
216
30,600
4,230
6,780
28,100
107
718
314,000
16,200
61,300
5,350
11,400
534
181,000
11,000
156,000
13,100
999,000
2,760
2,170
5,120
0
4
8
5,920
662
0
0
0
0
0
0
0
0
4
2,320
0
3,920
0
0
44,400
19,400
2
11,000
19,900
0
8,810
0
2
26,600
0
0
0
0
0
0
0
0
0
0
0
0
0
0
0
3
3
28,200
21,100
8
0
821
0
21,700
0
0
0
0
0
0
0
3,960
48,700
45,400
5,890
2,280
3,010
3,110
16,400
6,390
88,100
5,440
22,900
9,140
1,450
2,360
1,140
213
0
0
0
0
0
0
0
0
0
0
0
0
0
0
0
0
0
0
0
0
0
0
0
0
0
0
0
1
0
0
0
0
0
0
0
240,000
256,000
469,000
66,900
326,000
0
0
0
0
0
0
0
0
0
0
0
0
0
0
0
0
0
0
0
0
0
0
0
849,000
0
0
0
0
0
0
0
0
0
3,610
6
101,000
0
0
0
0
0
0
0
0
0
0
0
0
0
1
6,300
0
0
0
0
0
0
0
0
0
0
0
0
56,100
0
0
0
0
1,390,000
0
0
0
0
0
0
0
0
0
0
0
0
0
0
0
15,000
0
0
0
0
0
0
0
0
0
0
0
0
0
0
0
0
0
0
0
0
0
0
0
0
0
0
210,000
0
9,850
0
0
0
0
0
0
68,100
13,100
185,000
26,900
9,680
17,600
75,500
93,900
600,000
526,000
2,780
4,660,000
201,000
91
497,000
3,080,000
534,000
1,600
0
0
0
0
0
0
0
0
0
0
0
0
0
0
0
0
0
0
0
62,900
0
0
0
0
0
0
0
0
0
0
0
0
0
0
23,700
0
0
166
23,600
0
0
0
0
0
0
0
0
0
0
0
0
2
0
0
0
0
0
2,190
0
9,330
6,060
18,000
52,400
441,000
8
0
0
6
5,110
0
13,900
5,560
10,300
76,100
0
0
32,600
24,400
6
989
0
0
0
0
0
0
0
0
0
0
0
0
0
0
0
0
0
0
0
0
0
0
0
0
0
0
0
0
0
0
0
0
0
0
0
0
0
0
0
0
0
0
0
0
0
0
0
0
0
0
0
0
0
0
0
0
0
0
0
0
0
0
0
0
0
0
0
0
0
0
0
0
0
0
0
0
0
0
0
0
0
0
0
0
0
0
36
323
0
0
0
0
0
0
0
0
0
0
0
0
0
0
0
0
0
0
0
0
0
0
0
0
0
0
0
0
0
0
0
0
0
0
0
0
0
0
0
0
0
0
0
0
0
0
0
0
0
0
0
0
0
0
0
0
0
0
0
0
0
0
0
0
0
0
0
0
0
0
0
0
0
0
0
0
0
0
1,110
0
0
0
0
0
0
5
0
0
0
0
0
0
0
0
0
0
0
0
0
0
0
0
0
0
0
0
0
0
0
0
0
0
0
0
0
0
0
0
0
0
0
0
0
0
0
0
0
0
0
0
0
0
0
0
0
0
0
0
0
0
0
0
0
0
0
0
0
0
0
0
0
0
0
0
0
0
0
0
0
0
0
0
0
0
0
0
0
141,000
104,000
0
0
0
0
0
0
0
0
0
0
0
0
0
0
0
0
9
0
0
0
0
0
0
0
0
0
124,000
0
0
0
0
0
0
0
0
0
0
0
0
0
0
0
0
0
0
0
0
0
0
4,510
0
0
0
0
0
0
0
36,300
22,700
0
9,210
0
0
0
0
0
0
0
0
0
0
0
0
0
0
0
0
0
0
0
0
0
0
0
0
2,510
0
0
2,060
25,800
43,800
0
0
0
0
0
0
0
0
0
0
0
0
0
0
0
0
0
0
0
0
0
0
0
0
0
0
0
0
0
0
0
0
0
0
0
0
0
0
0
0
0
0
0
0
0
0
0
0
0
0
0
0
0
0
0
0
0
0
0
0
0
0
0
0
0
0
0
0
0
0
0
0
0
0
0
0
0
0
0
0
0
0
0
0
0
397,000
0
0
0
0
0
0
0
0
0
0
0
0
0
0
0
0
0
0
0
0
0
0
0
0
0
0
0
0
0
0
0
0
0
0
0
0
62,100
1
9,710
802,000
1,130,000
999,000
0
93,500
0
0
0
0
0
0
0
0
0
0
0
0
0
0
0
0
0
0
0
0
0
0
0
0
0
0
68
29,400
20,700
0
0
0
0
0
0
0
0
1
0
270
0
0
0
0
0
0
0
0
0
2
5,840
0
0
0
0
0
0
0
0
0
0
0
0
0
0
0
0
0
0
0
0
0
0
0
0
0
0
0
0
0
0
0
0
0
0
0
0
0
0
0
0
0
0
142,000
78
0
0
10,400
1,200
4
2,690
0
0
0
0
0
0
166,000
40
0
0
0
0
0
0
0
0
0
0
0
0
0
0
0
0
0
0
0
0
0
0
0
0
0
0
0
0
0
0
0
0
0
0
0
0
22,700
82,400
446,000
0
0
0
0
0
0
0
0
0
0
0
0
0
0
0
0
0
0
0
0
0
0
0
0
0
0
0
0
0
0
202,000
0
0
0
0
0
0
0
0
0
0
0
0
0
0
0
0
0
0
0
0
0
0
0
0
9,250
0
0
0
27,900
0
0
0
0
0
0
0
0
3,150
231
0
0
0
0
0
0
0
0
0
0
0
0
0
0
0
0
4
0
0
2
2,430
14,400
101
9
3
1
1
0
0
0
0
1
0
0
0
0
0
0
0
0
0
1
0
0
0
9
173
24,000
4
3,340
1
0
0
0
0
0
0
0
8
268,000
8,010
167
828
0
0
0
0
0
0
0
821
0
5
0
17,000
0
8,340
0
0
0
0
0
0
0
0
0
0
506,000
1,710
0
0
0
0
0
1,930
0
0
0
0
0
0
0
0
0
0
0
0
0
0
0
0
0
0
0
0
0
0
0
0
0
0
0
0
0
0
0
0
0
0
0
7,070
0
0
0
0
0
0
0
0
0
0
0
0
0
0
0
0
2,620
0
0
0
0
0
0
0
0
0
0
0
0
0
0
0
87
0
0
0
0
0
0
0
0
0
0
0
0
0
0
0
0
0
0
0
0
0
0
0
0
0
0
5
6
0
0
0
1
4,690
0
0
0
0
0
58,200
0
0
0
0
0
0
0
0
0
0
0
0
0
0
0
0
0
0
0
0
0
0
0
0
0
0
0
1,740
3,670
8,410
1
12,800
679,000
2,530
2,420
4
49,500
0
6,190
5
0
68
0
0
0
0
0
0
0
0
0
0
0
0
0
0
0
0
0
0
0
0
0
0
0
0
0
0
0
0
0
0
0
0
0
0
0
0
0
0
0
0
0
0
0
0
0
0
0
0
0
0
0
0
0
0
0
0
0
0
0
0
0
0
0
0
0
0
0
0
0
0
0
0
0
0
0
0
0
0
0
0
0
0
0
0
0
0
0
0
0
0
0
0
0
0
0
0
0
0
0
0
0
24,300
0
0
0
0
16,900
0
0
0
0
0
472
1,370
56,000
68,900
0
0
0
0
0
0
0
0
0
0
0
0
0
0
0
0
0
0
0
0
0
0
0
0
0
0
0
0
0
19,700
0
0
0
0
3,480
0
0
0
0
0
0
0
1,700
0
0
0
0
0
0
0
0
0
0
0
0
0
0
0
0
0
0
0
0
23,100
1,640
563,000
0
0
92
0
0
0
0
0
0
0
0
113,000
0
0
0
0
0
0
0
0
0
0
0
0
0
0
0
0
0
0
0
0
0
0
0
0
0
0
0
0
0
0
0
0
0
0
0
0
89,500
0
0
0
0
0
0
0
0
0
0
0
0
0
0
0
0
0
0
0
0
0
0
0
0
0
0
0
0
0
0
0
0
0
0
0
0
0
0
0
0
0
0
0
0
0
0
0
0
0
0
0
0
0
0
0
0
0
0
0
0
0
0
0
0
0
0
0
0
0
0
0
0
0
0
0
0
0
0
0
0
0
0
0
0
0
0
0
0
0
0
0
0
0
0
0
0
0
0
0
0
0
0
0
0
0
0
0
0
0
0
0
0
0
0
0
0
0
0
0
0
0
0
0
0
0
0
0
0
0
0
0
0
0
0
0
0
0
0
0
0
0
0
0
76,400
46,700
0
1
11,200
0
4,080,000
0
0
37,500
0
0
0
0
0
120
0
2,240
0
0
0
0
0
0
0
0
0
0
0
0
0
0
0
0
8
0
0
0
0
0
0
0
0
0
0
0
0
0
0
0
0
0
0
0
0
0
0
0
165
8,160
0
0
0
0
0
0
0
0
0
0
0
0
0
0
0
0
0
0
0
0
0
0
0
0
0
0
0
0
0
0
0
0
10,100
0
0
0
2
0
0
8
1
0
0
0
0
0
0
4
1
70,300
8,630
1,240
2
0
2
0
0
188,000
0
98,100
0
0
0
0
60,900
0
216,000
1
9,910
8,750
8,890
7,940
38
350
9,360
28,800
191
6
2,730
9
1,700
46,700
35
4,140
34,400
99,600
2,660
2,890
0
0
0
0
0
0
0
1
7
626
0
3,970
4,920
14,500
0
0
0
4
0
0
0
0
0
0
0
2
0
1,580
0
1
4
1
1
22,100
0
0
0
0
0
0
0
6,550
1,020
0
124
201
62,300
22,200
1
3,490
0
0
0
0
0
0
0
0
0
0
0
0
0
0
0
0
0
0
0
0
0
0
0
0
0
0
0
0
0
0
0
0
0
0
0
0
0
0
0
0
4
42,900
3
8
0
0
0
0
0
0
0
0
0
0
0
0
3,510
0
0
0
0
0
0
0
0
0
0
0
0
0
0
0
0
0
0
0
0
0
0
0
0
0
0
0
0
0
0
0
0
0
2,250
172,000
79,500
8,410
0
0
0
0
0
0
0
0
0
0
0
0
0
0
0
0
0
0
0
0
0
0
0
0
0
0
0
0
0
0
0
0
0
0
0
0
0
0
0
0
0
0
0
0
0
0
0
0
0
0
0
0
0
31,100
28
53,100
475
168,000
82,600
71,700
3,270
95,000
116,000
44,900
173,000
26,000
13,000
1,350
103,000
23,500
8,650
18,800
59,500
4
8,080
2,270
3,930
47,300
6,300
7,190
6,190
68,900
817
2,660
7
5,630
4,230
21,500
15,600
23,400
751,000
80,200
13,000
4,110
148
8,520
67,000
56,200
21,900
287,000
30,800
82
12,800
890,000
7,320
3,240
32,100
14,300
10,500
201,000
118,000
3,600
41
24,600
94,800
9,650
3,390
1,310
0
0
0
12,200
7,480
3
3
0
0
173
0
6
4
99,700
1,690
0
0
8
1
1,390
46,400
1,150
5
0
0
0
0
1,620
2
5
3,600
0
0
0
0
0
0
0
0
0
0
0
0
0
0
0
0
0
0
0
0
0
0
0
0
0
0
0
0
0
0
0
0
0
0
0
0
0
0
18,500
2,480
0
6
5
350
7
3
0
6
0
3
3
3,430
8
0
1
0
321
0
22,300
2
0
0
4
1
1,710
0
0
7
6
6
0
9
2,930
0
0
2,080
0
0
6,720
1,570
157,000
10
13,400
19,600
64,800
52,100
54,800
606
35,300
1,620
15,200
25,600
17,500
36,100
462
31,300
96,200
172
78,300
2
2
3,700
7,940
99,900
906
14,000
117,000
30,800
0
2,680
2,500
454
33,800
7,600
25,300
1
1,920
1,820
18,500
4,850,000
152,000
60
43,700
7,180
4,910
10,100
40,800
764
1,520
31
7
619
1
0
29,000
1,600
5,670
0
0
0
81
0
1
0
0
0
0
0
0
6,520
70,400
9
31,400
58,700
87
4,840
1
2
7
0
0
0
0
0
0
0
0
0
5
8,720
0
0
0
0
0
0
0
0
0
0
0
0
0
0
0
0
0
0
0
0
0
0
0
0
0
0
0
0
0
0
0
0
0
0
0
0
0
0
3
0
0
0
0
0
0
0
0
0
0
0
0
0
0
0
0
0
0
0
0
0
0
0
0
0
0
0
0
0
0
0
0
0
0
0
0
0
0
0
0
0
0
0
0
0
0
0
0
0
0
0
0
0
0
0
0
0
0
0
0
0
0
0
0
0
0
0
0
0
0
0
0
0
0
0
0
0
0
0
0
0
0
0
0
0
0
0
0
0
0
0
0
0
0
0
0
0
0
0
0
0
0
0
0
0
0
0
39,600
1,390
11,900
151,000
0
11,600
4
2
0
0
4
0
0
4
0
0
0
0
0
1
2
3
6
2
12,400
4
6
0
0
0
0
0
0
0
0
0
0
0
0
0
0
0
0
0
0
0
0
0
0
0
0
0
0
0
0
0
0
0
0
0
0
0
0
0
0
0
0
0
0
0
0
0
0
0
0
0
0
0
122
11,500
10,200
12,900
5,940
2,980
115,000
133,000
11,700
8,710
1,960
21,600
19,100
8
8,990
14,400
290
17,200
142
22,400
85,500
12,000
5,260
7,650
2
10,500
65,100
39,800
2,600
342,000
127,000
88,000
86
0
1,940
3,180
1
26,200
0
0
0
0
0
0
0
0
0
0
0
0
0
0
0
0
0
47
0
0
32,000
400,000
363,000
272,000
0
0
0
0
0
0
0
0
0
0
0
0
0
68,500
883,000
178,000
3,870
236,000
0
0
0
133
1,730,000
6,520,000
0
0
0
0
1,750
3,090
0
0
0
0
0
3
2
36,600
1,550,000
5,640
286,000
44,300
413,000
272,000
0
0
9
3
0
98
0
28,300
779
116,000
0
0
0
0
0
0
0
0
0
0
0
0
0
0
0
0
0
0
0
0
0
0
0
0
0
0
0
0
0
0
0
0
0
0
0
0
0
0
0
0
0
0
0
0
0
0
0
0
578
0
0
0
0
0
0
0
0
0
0
0
0
0
0
0
0
0
0
0
0
0
0
0
0
0
0
0
6,200,000
1,160,000
6,390
25,000
41,500
7,240
0
0
0
0
0
0
0
0
0
0
0
0
0
0
0
0
0
0
0
0
0
0
0
0
0
0
0
0
0
0
0
0
0
0
0
0
0
0
0
0
0
0
0
0
0
0
0
0
0
0
0
0
0
11,300
73,300
0
0
0
0
0
0
0
0
0
0
0
0
0
0
0
0
0
0
0
0
0
0
0
0
0
0
0
0
0
0
0
0
0
0
0
0
0
0
0
0
0
0
0
0
0
0
0
0
0
0
0
0
0
0
0
0
0
0
0
0
0
0
0
0
0
0
0
0
0
0
0
0
0
0
0
0
0
0
0
0
0
0
0
0
0
0
0
0
0
0
0
0
0
0
2
0
0
0
0
2
0
7
0
3
0
0
0
0
5
4
0
7
0
0
0
0
0
0
0
0
0
0
0
4
23,200
0
0
0
0
0
0
0
0
0
0
0
0
0
0
0
0
0
0
0
0
0
0
0
0
0
0
0
0
0
0
0
0
0
0
0
0
0
0
0
0
0
0
0
0
0
0
0
0
0
0
0
0
0
0
0
0
0
0
0
0
0
0
301
0
0
0
0
0
0
0
0
0
0
0
0
0
0
0
0
0
0
0
0
0
0
0
0
0
0
0
0
0
0
0
0
0
0
0
0
0
239
0
0
0
0
0
0
0
0
0
0
2,000
0
0
0
0
0
0
0
0
0
10,200
0
0
0
0
0
0
0
0
0
0
0
0
0
0
0
0
661
111
0
0
0
0
0
0
0
0
0
0
0
0
0
0
0
0
0
0
0
0
0
0
0
0
0
0
0
0
0
0
0
0
0
0
0
0
0
0
0
0
0
0
0
0
0
0
0
0
0
0
0
0
0
0
0
0
0
0
0
0
0
0
0
0
0
0
0
0
0
0
0
0
0
0
0
0
0
0
0
0
0
0
0
0
0
0
0
0
0
0
0
0
0
0
0
0
0
0
0
0
0
0
0
0
0
0
0
0
0
366,000
0
0
0
0
0
0
0
0
0
0
427,000
48
305
210,000
7
0
8
0
0
0
0
0
0
0
0
0
0
0
0
0
0
0
0
0
0
0
0
0
0
0
0
0
0
0
0
0
0
0
0
0
0
0
0
0
0
0
0
0
0
0
0
0
0
0
0
0
0
0
0
0
0
0
0
0
0
4,670,000
103,000
38,800
18,100
7,010
444
0
0
0
2,090,000
48,800
0
0
0
0
0
0
0
0
0
0
0
0
0
0
0
0
0
0
0
0
0
0
0
0
0
0
0
0
0
0
0
0
0
0
0
0
0
0
0
0
0
0
0
0
0
0
0
0
0
0
0
0
0
0
0
0
0
0
0
0
0
0
0
0
0
0
0
0
0
0
0
0
0
0
0
0
0
0
0
0
0
0
0
0
0
0
0
0
0
0
0
0
0
0
2
0
0
0
0
0
0
56,800
4,210
47,200
165,000
7,050
0
0
301
2,150
179,000
204,000
5,310
99,500
0
0
0
0
0
0
0
2,660
0
0
0
3,850
0
0
0
0
0
0
0
0
0
0
0
0
0
0
0
0
0
719
4
0
0
0
0
0
0
0
0
0
0
0
0
0
0
0
0
0
0
0
0
0
0
0
0
0
0
0
0
0
0
0
0
0
0
0
0
0
0
0
762,000
985
185,000
10
3,360
2,260
25,800
9
0
128,000
2,590
172,000
0
0
0
0
0
0
0
1,330
5,570
2,280,000
720,000
57
17,700
60,000
92,200
80,800
58,500
62,400
5,020
346,000
483,000
42,500
337,000
96,800
136,000
66,700
10,500
82,900
693,000
41,400
1,100,000
564
21,400
65,600
100,000
31,200
111,000
247,000
59,800,000
4,370,000
751,000
75,900
604,000
14,600
2,820
79,400
855,000
1,050,000
71,900
9,840
85,400
19,900
18,300
51,200
53,400
37,800
575,000
58,300
51,800
4,230
20,700
77,400
490,000
67,800
113,000
46,100
48,900
4,980,000
223,000
451,000
134,000
18,300
238,000
2,860,000
1,370,000
4,360,000
2,540,000
36,800
0
0
0
0
0
0
0
0
0
0
0
0
0
0
0
0
0
0
0
0
0
4,920
999
28,000
0
0
120,000
0
0
0
0
0
0
0
0
0
0
0
0
0
0
0
0
0
0
0
0
0
0
0
0
0
0
0
0
0
9
213
0
0
6,470
0
0
0
0
0
0
0
0
0
0
0
6
0
0
0
0
0
0
0
0
0
0
0
0
0
0
0
0
0
0
0
0
0
0
0
146,000
0
0
0
209,000
0
0
0
0
0
0
61
0
0
0
0
7,120
26,700
0
0
0
55,300
2,070
0
0
0
0
0
0
0
0
0
0
0
0
0
0
0
0
0
0
1
63,300
8
0
0
0
0
0
15,400
633,000
17,500
0
0
0
0
0
0
3,030
248
4,040
6,030
6,550
0
0
0
0
0
0
0
0
0
0
0
0
0
0
0
0
0
0
0
12,600
614,000
3,590
0
57,600
0
0
0
0
0
103,000
0
0
0
0
805
0
0
0
2
0
0
0
490,000
128,000
0
0
0
0
0
0
0
0
0
0
0
0
0
0
287,000
0
0
576,000
287,000
0
0
0
0
0
0
0
0
0
0
0
184,000
1,160,000
0
0
0
0
0
0
0
0
0
0
0
0
0
0
0
0
0
0
0
0
0
0
0
0
0
0
0
0
0
0
0
0
0
7,500,000
770,000
170,000
808,000
0
0
0
0
0
0
0
0
0
0
0
0
0
0
0
0
0
0
16,300
7
84
3,670
4
126,000
26,700
1
5
1
8
4
1,570
0
0
8
816
0
0
0
0
0
0
0
0
0
0
0
0
0
0
0
0
0
0
0
4,100
13,400
15,000
20,800
6,800
2,130
1,690
180,000
37,100
4
56,200
5,970
199,000
11,200
7,310
22,800
201,000
23,100
19,400
6,010
49
25,100
16,700
6
9
4
62
3
179,000
2
0
0
0
0
0
0
6,000
5
0
22,000
279
14,000
7
0
0
224
9
95
536
9
15,700
0
16,900
41
131,000
98
71,000
447
22,900
70
25,600
13,900
2,950
0
1
635
0
0
0
0
0
0
0
0
0
0
0
0
0
0
0
0
0
0
3
8
2
0
21,600
0
0
0
0
0
1,670
12,100
9,180
3
111,000
4,870
6,850
23,000
18,500
2,480
3,730
20,100
0
15,200
0
0
3
0
37,000
11,400
1,260
6,650
7,800
0
0
2,850
0
0
0
0
0
0
0
0
1,670
4,880
0
2
257,000
0
0
0
0
0
0
0
0
0
0
85
0
0
0
0
39,900
0
0
7,520
6,730
116
84,200
4,630
0
0
0
0
0
0
0
0
157,000
0
0
0
0
0
0
0
0
0
0
0
0
0
0
0
0
0
0
0
4
0
0
462
0
0
0
0
26,000
113,000
476,000
0
3,490
0
0
5,460
0
6,700
0
0
0
0
0
0
0
0
0
0
0
0
0
0
0
0
0
0
0
61,800
0
0
48,400
0
0
0
0
0
0
0
0
0
0
0
0
0
0
0
0
0
0
0
0
0
0
0
0
0
0
0
0
0
0
0
0
0
0
0
0
0
0
0
0
0
0
0
0
0
0
0
0
0
0
0
0
0
0
0
0
0
0
0
0
0
0
0
0
0
0
0
0
0
0
0
0
0
0
0
0
0
0
0
0
0
0
0
0
0
0
0
0
0
0
0
0
0
0
0
0
0
0
0
0
0
0
0
0
0
0
0
0
0
0
0
0
0
0
0
0
0
0
0
0
0
0
0
0
0
0
0
0
0
0
0
0
0
0
0
0
0
0
0
0
0
0
0
0
0
0
0
0
0
0
0
0
0
0
0
0
0
0
0
0
0
0
0
0
0
0
0
0
0
0
0
0
0
0
0
0
0
0
0
0
0
0
0
0
0
0
0
0
0
0
0
0
0
0
0
0
0
0
0
0
0
0
0
0
0
0
0
0
0
0
0
0
0
0
0
0
0
0
0
0
0
0
0
0
0
0
0
0
0
0
0
0
0
0
0
0
0
0
0
0
0
0
1,310,000
16,100
1,030,000
0
0
0
0
0
0
0
0
0
0
0
0
0
0
0
0
0
0
0
0
0
0
0
0
0
0
0
0
0
0
0
0
0
0
0
0
0
0
0
0
0
0
0
0
0
0
0
0
0
0
0
0
0
0
0
0
0
0
0
0
0
0
0
0
0
0
0
0
0
0
0
0
0
0
0
0
0
0
0
0
0
0
0
0
0
0
0
0
0
0
0
0
0
0
0
0
0
0
0
0
0
0
0
0
0
0
0
35,200
0
0
0
0
0
0
0
0
0
0
0
0
0
0
0
80,500
0
0
0
0
0
0
0
0
0
0
0
0
0
0
0
0
0
0
0
0
0
0
0
0
0
0
0
1,090
1
8
1
0
5
0
0
0
49,700
93,600
0
0
0
655
464
4,140
107
4,020
0
0
0
0
0
88,400
63,500
47,300
701,000
4,450
0
0
0
1,730
0
0
0
0
3,100
0
0
0
0
0
0
43,200
0
0
10,700
0
0
0
51,600
14,600
11,500
67,900
130,000
233,000
0
0
0
0
0
0
0
0
0
0
0
0
0
0
0
0
0
0
0
0
29
0
0
0
0
0
0
0
0
0
0
52,300
75,100
0
0
0
0
0
0
15,800
0
0
0
0
0
15,700
19,200
0
0
0
0
0
0
0
0
0
0
0
0
0
0
0
7
0
0
0
0
0
0
0
0
0
0
0
0
0
0
0
0
0
0
0
0
0
0
0
0
0
0
0
0
0
0
0
0
0
0
0
0
0
0
0
0
0
0
0
0
0
0
0
0
0
0
0
0
0
0
0
0
0
0
0
0
0
0
0
0
0
0
0
0
0
0
0
0
0
0
0
0
0
0
0
0
0
0
0
0
0
0
0
0
0
0
0
0
0
0
0
0
0
0
0
0
0
0
0
0
0
0
0
0
0
0
0
0
0
0
0
0
0
0
0
0
0
0
0
0
0
0
0
0
0
0
0
0
0
0
0
0
0
0
0
0
0
0
0
0
0
0
0
0
0
0
0
0
0
0
0
0
0
0
0
0
0
0
0
0
0
0
0
0
0
0
0
0
30,800
0
0
0
0
0
0
0
0
0
0
0
0
0
0
0
0
0
0
0
0
0
0
0
0
0
0
0
0
0
0
0
0
0
0
0
0
0
0
0
0
0
0
0
0
0
0
0
0
0
0
0
0
0
0
0
0
0
0
0
0
0
0
0
0
0
0
0
0
0
0
0
0
0
0
0
0
0
0
62,700
0
0
0
0
0
0
0
0
0
0
0
0
0
0
0
0
0
0
0
0
0
151,000
0
0
104,000
4,460
462
2,720
0
0
0
3,870
24,500
11,000
22,100
5
0
11,700
0
0
0
0
0
943
0
0
0
0
0
0
0
0
0
0
0
0
8
0
0
3
0
0
0
0
0
0
0
0
9
0
0
0
0
0
0
0
0
4
0
0
0
0
0
0
0
0
13,600
0
0
0
0
0
0
0
0
0
0
0
0
0
0
0
0
0
0
0
0
0
0
0
0
0
0
0
1,080,000
0
2
0
0
3,310
202
45,400
34,300
8,000
0
0
0
0
0
0
0
0
0
0
0
0
0
0
0
0
0
0
0
0
0
0
0
0
0
0
0
0
0
0
0
0
0
0
0
0
0
0
0
0
4,970
0
0
903
0
0
32,000
0
0
0
0
0
0
0
0
0
0
0
0
0
0
0
0
0
0
0
0
0
0
1
0
0
0
0
0
0
0
0
0
0
0
0
61,100
0
0
0
0
0
0
0
0
23,500
0
0
0
0
0
179,000
0
0
0
0
0
0
0
0
3,610,000
0
0
0
0
0
0
0
0
0
0
0
0
0
0
0
0
0
0
0
0
0
0
0
0
0
0
0
0
0
0
0
0
0
0
0
0
0
0
0
0
0
0
0
0
0
0
0
152,000
575,000
0
2
10,200
0
0
0
78,500
329,000
9
0
0
0
0
46,100
14,100
0
0
0
0
0
0
0
0
0
0
0
0
0
0
0
0
0
0
0
0
0
0
0
0
0
0
0
0
0
0
0
0
0
0
0
0
0
0
0
0
0
0
0
0
0
0
0
0
0
0
0
0
0
0
0
0
0
0
3
0
0
0
0
0
0
0
0
0
0
0
0
0
0
0
0
0
0
1,990,000
2
0
0
0
0
0
0
0
0
0
0
35,100
4,790
0
3
179,000
19,500
0
0
8,850
406
0
0
0
0
0
0
0
0
0
0
0
0
0
0
0
67,300
0
0
0
0
0
0
0
0
0
0
0
0
0
0
0
0
0
0
0
0
0
0
0
0
0
0
0
0
0
0
0
0
0
0
0
0
0
0
0
0
0
0
26,600
10,100
116,000
0
0
2,500
5,900
0
0
2
0
0
0
0
0
0
2,120
0
0
0
0
0
1,610
0
0
0
0
0
0
0
0
0
0
0
0
0
0
101,000
0
0
0
0
0
0
4
0
38,900
63,700
20,200
25,100
0
0
0
20,300
0
0
0
0
46,500
67,700
0
0
192,000
0
0
0
0
201,000
0
0
0
4
2,490
6,370
85
0
0
0
0
0
0
0
0
0
0
0
1,880
0
0
0
0
0
0
0
14,700
18,900
20,600
3,270
6,280
1,710
15,300
10,500
77,800
27,700
183,000
95,100
5,550
5,130
18,200
4
0
0
0
0
8,590
7
27,700
0
4
548
0
5
30,600
7
4
27,000
37,700
304,000
7
0
4,070
0
0
0
0
0
0
0
0
0
0
0
0
0
0
0
0
0
0
0
0
0
15,100
16,200
33,800
37,700
360,000
50
0
0
0
0
9
0
0
2,400
3,480
17,700
37,000
2,790
9,450
31,400
145,000
81,600
0
0
0
0
0
0
1
0
0
0
0
0
0
0
0
0
0
0
0
0
0
0
0
3,410
0
0
0
0
252,000
4,860
615,000
7
34,800
140
1
199
7,200
527
20,300
0
0
45,400
248
0
0
0
0
4,030
0
0
0
0
0
0
0
1,120
0
0
0
0
0
0
0
0
0
0
0
0
7,870
0
0
430,000
0
0
0
0
0
38,500
0
0
266,000
0
0
0
0
0
3
0
1,530
0
0
0
0
0
0
0
0
0
0
0
91,500
22,400
0
0
0
0
0
0
0
0
0
0
0
0
0
0
0
8
594
71,800
5
71,800
0
0
0
0
0
9
0
0
5
0
0
0
0
0
0
0
0
0
5
0
0
545,000
0
0
0
0
0
0
0
0
0
0
0
0
0
0
0
3
4,860
0
0
0
0
0
0
0
2,880
0
0
0
0
0
0
0
0
0
0
0
0
0
0
0
0
0
0
0
0
0
0
0
0
0
274
0
0
0
0
0
0
0
0
0
0
0
0
0
0
0
0
0
0
2,000
0
11,500
7,010
2
0
450,000
0
0
0
0
0
0
0
1,510
0
0
0
0
0
0
0
0
0
0
1,290,000
0
0
0
0
65,200
0
0
0
0
0
0
0
0
0
0
0
0
0
0
0
0
0
0
0
0
0
0
0
0
0
0
0
0
3,700
0
0
0
0
0
0
0
0
0
0
0
0
0
0
0
0
0
0
0
0
0
0
0
0
0
0
0
0
0
0
0
0
0
0
0
0
0
0
0
0
0
0
0
0
102,000
0
0
0
0
0
0
0
0
0
641,000
0
0
0
0
0
0
0
0
0
0
0
0
0
0
0
0
0
0
0
0
0
0
0
0
0
0
0
8,480
0
0
0
127,000
0
0
0
0
0
6,320
9,090
308,000
0
0
0
0
0
0
0
0
0
0
0
0
0
0
0
0
0
23,600
6,800
0
0
313,000
0
141,000
1,780
691,000
0
0
0
0
0
140,000
46,900
19,700
25,400
0
0
0
0
0
0
0
0
0
0
450,000
4,690,000
0
0
0
0
0
106,000
6,060
0
0
0
0
0
0
0
0
0
0
0
0
0
0
0
0
0
9,840
4,030
1
0
0
0
0
0
0
0
0
0
0
0
0
0
0
0
0
0
0
0
0
0
0
0
0
0
0
0
0
0
0
0
0
0
0
0
0
0
0
0
0
0
0
0
0
0
0
0
0
0
0
0
0
0
0
0
0
0
0
0
0
0
0
0
0
0
0
0
0
0
0
0
0
0
0
0
0
0
0
0
0
0
0
0
0
0
0
0
0
0
0
0
0
0
0
0
0
0
0
0
0
0
0
0
0
0
0
0
0
0
0
0
0
0
66,800
132,000
389,000
17,800
0
0
0
92,800
33,000
137,000
9,500
0
5
0
0
0
0
12,900
0
0
44,400
0
0
0
0
0
0
0
0
0
0
0
0
0
0
0
0
0
0
20,700
0
3,120
0
0
0
0
0
0
0
0
0
0
0
0
0
0
0
0
0
0
0
0
0
0
0
0
0
0
0
0
0
0
0
0
0
0
0
0
0
0
0
0
0
0
0
0
0
0
0
0
0
0
324,000
0
0
0
0
0
0
0
0
0
0
0
0
0
0
0
0
0
0
0
0
0
0
0
132
38
6,140
2
1,440
0
0
0
0
0
0
0
0
0
0
0
0
0
0
0
0
0
0
0
0
0
0
0
0
0
0
0
0
0
0
0
0
0
0
0
0
0
0
0
0
0
0
0
0
0
0
0
0
0
0
0
0
0
0
0
0
0
0
0
0
0
0
0
0
0
0
0
0
0
2,320
0
0
0
