21,070,000,000
0
0
0
0
0
398,000,000
0
0
530,000,000
0
4,420,000,000
0
0
0
0
0
0
0
0
1,750,000,000
0
0
0
0
0
0
870,000,000
0
0
0
5,300,000
0
19,800,000
0
0
0
0
0
0
0
0
0
0
0
0
0
0
0
0
0
0
0
0
0
0
0
0
0
0
0
0
0
0
0
0
0
0
0
0
0
0
0
0
0
0
0
0
0
0
0
0
0
0
0
0
0
0
0
0
0
0
0
0
0
0
0
0
0
0
0
0
0
0
0
0
0
0
0
0
0
0
0
0
0
0
0
0
0
0
0
0
0
0
0
0
0
0
0
0
0
0
0
0
0
0
0
0
0
0
0
0
0
0
0
0
0
0
0
0
0
0
0
0
0
0
0
0
0
0
0
0
0
0
0
0
0
0
0
0
0
0
0
0
0
0
0
0
0
0
0
477,000,000
0
0
10,890,000,000
0
0
0
0
0
187,000,000
0
0
0
0
0
0
145,000,000
968,000,000
0
0
0
0
0
0
16,000,000
0
507,000,000
0
1,150,000,000
0
0
0
0
6,410,000
0
0
0
0
145,000,000
15,280,000,000
0
0
0
0
0
0
0
0
205,000,000
0
0
0
0
0
0
1,320,000,000
0
0
0
0
0
0
0
0
0
0
0
0
0
0
0
0
0
0
0
0
0
0
0
0
0
0
0
0
0
0
0
0
1,800,000,000
0
0
0
0
0
0
0
829,000,000
0
0
0
2,300,000,000
0
0
241,000,000
0
0
81,700,000
0
5,560,000,000
0
0
0
0
0
0
682,000,000
0
733,000,000
0
43,800,000
0
0
0
0
0
229,000,000
0
0
0
0
6,040,000,000
0
0
0
0
38,600,000
417,000,000
0
1,390,000,000
0
0
0
0
0
142,000,000
0
0
0
0
0
0
0
1,380,000,000
0
0
0
0
5,720,000
350,000,000
0
0
0
0
0
0
0
0
0
82,600,000
208,000,000
0
1,090,000,000
0
0
70,500,000
28,400,000
0
0
0
0
25,400,000
4,480,000,000
0
0
0
0
0
0
0
0
0
0
0
0
0
0
0
0
0
0
0
0
0
0
0
0
0
0
0
0
0
0
0
0
0
0
0
0
0
0
0
0
0
0
0
0
0
0
0
0
0
0
11,990,000,000
0
0
0
0
0
0
0
0
0
0
0
0
1,620,000,000
154,000,000
0
0
163,000
189,000,000
0
1,540,000,000
0
0
0
0
0
0
0
0
0
0
0
57,000,000
0
0
203,000,000
0
0
0
89,700,000
0
1,490,000,000
0
0
0
0
0
2,040,000,000
2,270,000,000
0
0
1,720,000,000
0
0
0
0
0
3,000,000,000
0
0
0
0
0
561,000,000
0
0
0
700,000,000
0
1,890,000,000
0
934,000,000
0
0
0
0
0
0
0
0
0
797,000,000
0
81,200,000
0
0
1,810,000,000
0
0
0
2,460,000,000
0
0
0
0
18,700,000
261,000,000
7,390,000
863,000,000
0
155,000,000
0
0
409,000
0
0
0
0
0
0
0
1,860,000,000
0
0
0
0
0
0
0
0
0
0
0
261,000,000
0
0
0
905,000,000
0
0
0
0
0
0
0
0
0
0
0
0
0
0
0
0
0
8,960,000
0
490,000,000
233,000,000
620,000,000
0
0
114,000,000
1,610,000,000
0
348,000,000
815,000,000
0
255,000,000
31,500,000
1,930,000,000
0
0
300,000,000
675,000,000
0
0
0
350,000,000
0
0
133,000,000
0
0
0
253,000,000
0
0
0
0
0
0
0
0
0
0
0
0
0
0
0
0
0
0
0
0
0
0
0
0
0
0
0
0
0
0
0
0
0
0
0
0
0
0
0
0
0
0
0
0
0
0
0
0
0
0
0
0
0
0
0
0
0
0
0
0
0
0
0
0
0
0
0
0
0
0
0
0
179,000
0
3,750,000
1,120,000
0
0
0
0
0
0
0
0
0
0
0
902,000,000
0
0
0
0
0
0
0
139,000,000
0
449,000,000
0
747,000,000
0
0
0
0
0
0
0
0
0
0
0
0
0
0
0
0
0
0
0
0
0
0
0
0
0
0
0
0
0
0
0
0
0
0
0
0
0
0
0
0
0
0
0
0
0
0
0
0
0
0
0
0
0
0
0
0
0
0
0
0
0
0
0
0
0
0
0
0
0
0
0
0
0
0
0
0
0
0
0
0
0
0
0
0
0
0
0
0
0
0
0
0
0
0
0
0
0
0
0
0
0
0
0
0
0
0
0
0
0
0
0
0
0
0
0
0
0
0
0
0
0
0
0
0
0
0
0
0
0
0
0
0
0
0
0
0
0
0
0
0
0
0
0
0
0
0
0
2,640,000
9,480,000
0
0
51,200,000
7,640,000,000
0
0
0
0
0
0
0
0
0
0
0
0
0
0
0
0
0
0
0
0
0
0
0
0
0
0
0
0
0
0
0
0
0
0
0
0
0
0
0
0
0
0
0
0
0
0
0
0
0
0
0
0
0
0
0
0
0
0
0
0
0
0
0
0
0
0
0
169,000,000
137,000,000
0
407,000,000
0
0
0
2,450,000,000
0
0
0
0
0
0
154,000,000
275,000,000
4,560,000,000
0
0
0
0
0
0
0
0
0
0
0
0
0
0
0
0
0
0
0
0
0
0
0
0
0
0
0
0
0
0
0
0
0
0
0
0
0
0
0
0
0
0
0
0
0
0
0
0
0
0
0
0
0
0
0
0
0
0
0
0
0
0
0
0
0
0
0
0
0
0
0
0
0
0
2,600,000
0
4,330,000,000
0
0
0
737,000,000
0
0
0
0
0
0
0
0
0
0
0
0
0
0
0
0
0
0
0
0
0
0
0
0
0
0
0
0
0
0
0
0
0
0
0
0
0
0
0
0
0
0
0
0
0
0
0
0
0
0
0
0
0
0
0
0
0
0
0
0
0
0
0
0
0
0
0
0
0
0
0
0
0
0
0
0
0
0
0
0
0
0
0
0
0
0
0
0
0
0
0
0
0
0
0
0
0
0
0
0
0
0
0
0
0
312,000,000
3,730,000,000
0
122,000,000
5,170,000
0
432,000,000
0
0
0
5,410,000,000
0
0
0
0
0
0
29,900,000
0
0
58,400,000
74,000,000
180,000,000
0
637,000,000
220,000,000
0
0
0
0
562,000,000
0
0
0
0
0
0
0
0
0
0
0
0
0
0
0
0
0
0
0
0
0
0
0
0
0
0
0
0
0
0
0
0
0
0
0
0
0
0
401,000,000
0
0
499,000,000
0
0
0
0
6,270,000,000
0
0
0
0
0
0
7,850,000
203,000,000
0
2,140,000,000
0
591,000,000
0
1,540,000,000
0
838,000,000
0
217,000,000
345,000,000
0
0
0
0
0
0
0
314,000,000
0
0
0
910,000,000
0
0
17,000,000
0
0
0
0
0
0
0
0
0
0
0
0
0
0
0
0
0
0
0
0
0
0
0
0
0
0
0
45,100,000
0
1,040,000,000
0
797,000,000
2,280,000,000
0
0
0
0
0
0
0
0
0
0
0
0
0
0
0
0
0
0
0
0
0
0
0
0
0
0
0
0
0
0
0
0
0
0
0
0
0
0
0
0
0
0
536,000,000
0
370,000,000
68,700,000
0
0
0
0
0
0
834,000,000
0
0
0
414,000,000
270,000,000
1,170,000,000
106,000,000
2,300,000,000
0
0
0
0
0
0
0
0
0
0
0
0
0
0
0
0
0
0
0
0
0
0
0
0
0
0
0
483,000,000
91,500,000
14,600,000
0
246,000,000
365,000,000
0
0
0
0
0
0
0
17,600,000
134,000,000
822,000,000
0
0
1,250,000,000
0
0
0
0
0
0
0
0
0
0
0
0
0
0
0
0
0
0
0
0
0
0
0
0
0
0
0
0
0
0
0
0
0
0
0
0
0
0
0
0
0
0
0
0
0
0
0
0
0
0
0
0
0
0
0
0
0
0
0
0
0
0
0
0
0
0
0
0
0
0
0
0
0
0
0
0
0
0
0
0
0
0
0
0
0
0
0
0
0
0
0
0
0
0
0
0
0
0
0
0
0
0
0
0
0
0
0
0
0
0
0
0
0
0
0
0
0
0
0
0
0
0
0
0
0
0
0
0
0
0
0
0
0
0
515,000,000
0
1,940,000,000
0
0
0
0
0
0
2,780,000,000
0
0
0
115,000,000
505,000,000
0
607,000,000
0
0
9,760,000
92,200,000
0
0
0
1,610,000,000
256,000,000
0
575,000,000
0
0
99,700,000
0
0
0
0
0
2,260,000,000
0
0
27,400,000
67,800,000
0
0
0
16,780,000,000
0
0
3,550,000,000
0
0
0
0
0
0
0
236,000,000
0
0
0
0
0
75,100,000
71,700,000
89,200,000
809,000
0
0
317,000,000
1,210,000,000
0
19,200,000
5,060,000,000
0
0
0
0
0
0
0
0
0
0
0
0
0
0
0
0
0
0
0
0
0
0
0
0
0
0
0
0
0
0
0
0
0
0
0
0
0
0
0
0
0
0
0
0
0
0
0
0
0
0
0
0
0
0
0
0
0
0
0
0
0
0
0
0
0
0
0
0
0
0
0
0
0
0
0
0
0
0
0
0
0
0
0
0
0
0
0
0
0
0
0
0
0
0
0
0
0
0
0
0
0
0
0
0
0
0
0
0
0
0
0
0
0
0
0
0
0
0
0
0
0
3,390,000
3,820,000,000
0
609,000,000
0
0
0
463,000,000
0
0
0
0
32,200,000
0
91,500,000
0
0
0
0
0
395,000,000
0
0
0
0
0
0
0
2,500,000,000
0
222,000,000
0
0
0
0
0
3,480,000,000
0
3,300,000,000
0
0
0
0
0
0
0
0
0
0
0
0
0
0
0
0
0
0
0
0
0
0
0
0
0
0
0
0
0
0
0
0
0
0
0
0
0
0
0
0
0
0
0
0
0
0
0
0
0
0
0
0
0
0
0
0
0
0
0
0
0
0
0
0
0
0
0
0
0
0
0
0
0
0
0
0
0
0
0
0
0
0
0
0
0
0
0
0
0
0
0
0
0
0
0
0
0
0
0
0
0
0
0
0
0
0
0
0
0
0
0
0
0
0
0
0
0
0
0
0
0
0
0
0
0
0
0
0
0
0
0
0
0
0
0
0
0
0
0
0
0
0
0
0
0
0
0
0
0
0
0
0
0
0
0
0
0
0
0
174,000,000
113,000,000
334,000,000
0
0
133,000,000
0
156,000,000
0
0
228,000,000
5,380,000,000
0
0
0
0
0
0
0
0
0
0
0
92,000,000
809,000,000
0
0
0
596,000,000
0
0
0
0
0
0
0
0
0
0
0
0
0
0
0
0
0
0
0
0
0
0
0
0
0
0
0
0
0
0
0
0
0
0
0
0
0
0
0
0
0
0
0
0
0
0
0
317,000,000
0
57,900,000
0
0
0
2,100,000,000
0
0
0
5,640,000,000
0
0
0
0
0
445,000,000
0
0
0
0
0
0
19,500,000
0
139,000,000
1,680,000,000
0
0
204,000,000
0
0
0
819,000,000
0
0
3,150,000,000
0
0
0
0
0
1,270,000,000
0
0
959,000,000
0
8,900,000,000
0
0
0
0
0
0
0
0
0
0
0
0
0
24,300,000
0
4,110,000,000
0
0
269,000,000
0
0
1,580,000,000
0
0
0
333,000,000
0
0
0
0
0
0
193,000,000
0
0
0
0
0
0
730,000,000
0
227,000,000
0
0
227,000,000
0
0
0
0
0
0
0
257,000,000
0
350,000,000
0
0
0
814,000,000
2,060,000,000
0
0
1,130,000,000
230,000,000
0
0
0
97,100,000
211,000,000
0
39,000,000
0
0
0
0
0
0
0
0
0
0
0
802,000,000
0
0
0
999,000,000
399,000,000
0
0
0
201,000,000
0
0
1,100,000,000
0
0
0
0
0
1,210,000,000
294,000,000
0
3,300,000,000
0
0
0
0
112,000,000
4,650,000,000
0
0
0
0
0
0
0
0
0
0
0
0
0
0
0
0
0
0
0
0
0
0
0
0
0
0
0
141,000,000
148,000,000
555,000,000
0
0
0
0
0
0
0
0
0
0
0
0
0
0
34,500,000
18,300,000
0
0
0
0
0
0
0
0
0
762,000,000
3,380,000,000
4,010,000,000
0
0
0
0
0
0
0
374,000,000
0
0
0
0
0
0
0
0
0
0
0
341,000,000
0
0
0
0
0
0
1,880,000
0
3,830,000,000
509,000,000
0
218,000,000
0
0
0
0
3,150,000
0
0
0
0
0
1,080,000,000
53,700,000
119,000,000
402,000,000
67,400,000
0
866,000,000
3,190,000,000
37,600,000
0
4,710,000,000
0
0
0
0
0
0
0
152,000,000
1,690,000,000
2,310,000,000
1,350,000,000
142,000,000
0
187,000,000
3,040,000,000
0
0
0
0
0
0
0
0
0
0
0
0
0
0
0
0
0
0
0
0
0
0
0
0
0
3,750,000
277,000,000
0
0
0
0
0
0
0
0
0
0
0
0
0
0
0
0
0
0
0
0
0
0
0
0
0
0
0
0
0
0
0
0
0
0
0
0
0
0
0
0
0
0
0
0
0
0
0
0
0
0
0
0
0
0
0
0
0
0
0
0
0
0
0
0
0
0
0
0
0
0
0
0
0
0
0
0
0
0
0
0
0
0
0
0
0
0
0
0
0
0
0
0
0
0
0
0
0
0
0
0
0
0
0
0
0
0
0
0
0
0
0
0
0
0
0
0
0
0
0
0
0
0
0
0
0
0
0
0
0
0
0
0
0
0
0
0
0
0
0
0
0
0
8,230,000
0
684,000
46,100,000
0
995,000,000
0
0
0
0
0
0
0
0
0
0
706,000,000
3,040,000
699,000,000
1,700,000,000
0
0
0
0
0
0
0
0
0
0
0
0
368,000,000
0
0
0
0
0
0
0
880
0
0
0
0
222,000,000
1,290,000
0
0
0
316,000,000
0
0
0
20,700,000
0
0
0
1,430,000,000
0
49,100,000
101,000,000
0
0
0
0
0
0
0
0
0
0
0
30,000,000
0
317,000,000
0
23,800,000
0
0
0
3,550,000,000
0
1,680,000,000
0
0
0
0
0
0
0
4,820,000
0
595,000,000
20,700,000
0
180,000,000
0
0
254,000,000
775,000,000
0
0
0
0
0
140,000,000
0
0
0
0
0
0
0
0
0
0
0
0
0
0
0
0
0
0
0
0
0
0
0
0
802,000,000
10,600,000,000
0
0
0
0
0
0
77,500,000
0
0
1,310,000,000
0
0
0
0
0
486,000,000
0
0
0
0
0
0
0
0
0
0
0
0
0
0
0
439,000,000
0
0
0
0
0
197,000,000
0
4,950,000,000
0
284,000,000
0
0
425,000,000
0
0
0
5,970,000,000
0
0
0
0
0
1,280,000,000
0
0
0
0
0
1,010,000,000
0
0
0
0
0
0
0
0
0
0
0
0
0
0
129,000,000
0
0
0
0
0
43,300,000
0
0
0
0
0
0
0
0
0
0
0
0
0
0
0
0
0
0
0
0
0
0
0
0
0
0
0
0
0
0
0
0
0
749,000,000
0
0
0
0
0
0
0
0
0
0
0
0
0
0
0
0
0
1,060,000,000
368,000,000
0
0
0
0
0
0
0
0
0
0
0
0
0
0
0
838,000,000
0
0
0
0
0
0
0
0
317,000,000
0
0
0
0
0
0
0
2,980,000
0
3,160,000,000
0
0
0
0
0
0
0
0
1,470,000,000
0
60,600,000
0
0
157,000,000
0
0
0
0
316,000,000
0
0
0
0
0
0
0
0
0
0
0
0
0
0
0
0
0
0
0
1,690,000,000
0
0
0
0
0
0
0
0
0
0
0
0
0
0
0
0
0
0
0
0
0
0
0
0
0
0
0
0
0
0
0
0
0
0
0
0
0
0
0
0
0
0
0
0
0
0
0
0
0
0
0
0
0
0
0
0
0
0
0
0
0
0
0
0
0
0
0
0
0
0
0
0
0
0
0
0
0
0
0
0
0
0
0
0
0
0
0
0
0
0
0
0
0
0
0
0
0
0
0
0
0
0
0
0
0
0
0
0
0
0
0
0
0
0
0
0
0
0
0
0
0
0
0
0
0
0
0
0
0
0
0
0
0
0
0
0
0
0
0
0
0
0
0
0
0
0
0
0
0
0
0
0
0
0
0
0
0
0
0
0
0
0
0
0
0
0
0
0
0
0
0
0
0
0
0
0
0
0
0
0
0
0
0
0
0
0
0
0
0
0
0
0
0
0
0
0
0
0
0
0
0
0
0
0
0
0
0
0
0
0
0
0
0
0
0
0
0
0
0
0
0
0
3,430,000
10,700,000
168,000,000
0
218,000,000
0
0
0
99,300,000
2,250,000,000
0
0
0
0
0
0
0
46,200,000
34,200,000
0
0
0
0
0
0
0
0
0
0
6,200,000,000
0
0
0
0
0
0
0
0
27,500,000
0
125,000,000
0
1,290,000,000
0
0
0
0
0
0
0
0
0
0
0
0
0
0
0
0
0
0
0
0
0
0
0
0
0
0
0
73,200,000
975,000,000
0
0
0
0
0
0
0
0
0
0
0
0
0
0
0
0
0
0
0
0
0
0
0
0
0
0
0
0
0
0
0
0
0
0
0
0
0
0
0
0
0
0
0
0
0
0
0
0
0
0
0
93,900,000
0
0
924,000,000
0
0
0
203,000,000
313,000,000
0
0
21,300,000
98,300,000
0
0
0
477,000,000
0
0
0
0
687,000,000
0
406,000,000
0
0
2,690,000
47,900,000
0
0
0
0
0
0
0
0
0
0
0
0
0
0
0
0
0
0
0
0
0
0
0
0
0
1,190,000,000
0
0
0
0
0
0
0
0
0
0
0
2,340,000,000
0
0
294,000,000
215,000,000
0
0
0
0
0
11,300,000
0
0
0
0
0
0
0
0
0
0
0
0
0
0
0
0
0
0
0
0
0
0
0
97,400,000
0
0
2,610,000,000
0
0
0
0
0
0
0
0
0
0
0
0
0
0
0
0
0
0
0
0
0
0
0
0
0
0
0
0
0
0
0
0
0
0
332,000,000
0
0
2,460,000,000
0
77,000,000
0
0
0
2,590,000,000
0
0
0
0
825,000,000
0
0
3,180,000,000
122,000,000
0
48,400,000
0
199,000,000
0
0
15,300,000
0
549,000,000
0
0
462,000,000
796,000,000
0
1,590,000,000
0
0
0
0
0
735,000,000
623,000,000
0
0
0
0
0
0
0
0
0
0
0
1,270,000,000
0
0
0
335,000,000
0
0
0
6,780,000,000
0
0
0
3,100,000,000
0
0
2,470,000,000
0
230,000,000
0
47,000,000
0
0
0
0
0
0
0
0
0
933,000,000
0
0
152,000,000
16,800,000
0
0
0
0
0
0
0
0
0
83,700,000
1,190,000,000
0
0
1,820,000,000
0
0
0
0
0
0
0
0
0
0
0
0
0
191,000,000
0
0
0
0
0
0
0
0
0
0
0
0
944,000
83,600,000
178,000,000
536,000,000
0
0
0
0
0
0
0
2,020,000,000
0
0
0
0
0
0
0
0
0
0
0
0
0
0
0
1,020,000,000
0
0
55,600,000
0
0
0
0
0
0
0
0
0
0
0
0
0
0
0
0
0
0
0
505,000,000
0
0
0
17,900,000
0
280,000,000
5,050,000
1,120,000,000
0
0
0
0
0
67,900,000
0
0
0
0
0
0
0
0
0
0
94,200,000
0
0
2,200,000,000
0
0
0
0
0
0
0
0
0
0
0
0
0
6,310,000
0
34,400,000
0
50,700,000
300,000,000
0
0
101,000,000
0
0
0
0
0
0
0
0
0
0
0
765,000,000
0
0
0
0
0
0
74,500,000
0
0
0
1,540,000,000
0
0
0
0
0
0
232,000,000
1,070,000
0
0
0
0
0
0
0
988,000,000
0
0
0
0
0
0
0
0
0
0
0
0
0
0
0
5,820,000
0
0
0
0
0
0
0
0
0
0
0
0
0
0
0
0
0
0
0
0
0
0
0
0
0
0
0
0
0
0
0
0
0
0
0
0
0
0
0
0
0
0
0
0
0
0
0
0
0
0
0
0
0
0
0
0
0
13,500,000
0
655,000,000
0
0
0
0
3,840,000,000
0
0
0
0
0
0
0
0
0
0
0
1,220,000,000
0
0
0
4,070,000
34,700,000
0
0
0
891,000,000
0
0
0
0
195,000,000
0
0
0
0
0
499,000,000
1,070,000,000
0
199,000,000
0
0
0
23,200,000
1,140,000,000
0
0
71,500,000
0
0
0
12,500,000
0
184,000,000
0
0
4,670,000,000
6,260,000,000
11,400,000
0
3,200,000,000
0
0
0
0
0
0
0
0
670,000,000
0
23,100,000,000
0
0
0
0
0
0
1,690,000,000
0
0
322,000,000
0
0
177,000,000
1,140,000,000
0
0
0
0
0
0
0
0
0
81,400,000
0
0
0
0
0
23,700,000
0
0
36,600,000
0
0
0
0
0
371,000,000
0
0
0
0
407,000,000
0
15,600,000
0
0
5,290,000,000
0
0
6,400,000,000
435,000,000
0
1,100,000,000
169,000,000
0
3,170,000,000
0
0
0
0
0
0
0
161,000,000
0
0
0
1,830,000,000
0
0
0
0
0
0
0
0
0
0
0
0
296,000,000
0
0
0
0
51,100,000
1,360,000,000
0
0
126,000,000
0
0
0
0
0
0
0
0
0
0
0
0
0
0
0
3,320,000,000
0
0
0
3,950,000,000
0
0
72,800,000
0
1,610,000,000
0
0
0
0
0
0
0
0
0
0
0
0
0
0
0
0
0
0
0
0
0
0
0
0
0
0
57,900,000
0
0
0
0
0
0
0
0
0
235,000,000
0
0
0
0
0
0
0
0
0
0
0
0
0
0
0
0
0
0
22,800,000
0
0
0
0
0
0
0
0
20,900,000
0
0
1,440,000,000
0
127,000,000
0
0
195,000,000
0
0
4,770
0
0
0
0
0
0
106,000,000
0
921,000,000
0
0
0
355,000,000
0
0
0
0
0
0
0
0
0
0
0
0
0
0
0
0
0
0
0
26,500,000
75,700,000
0
0
0
0
0
0
0
0
0
0
0
0
0
0
0
0
0
0
0
0
0
0
0
0
0
0
0
0
0
0
0
0
0
0
0
0
0
0
0
0
0
0
0
0
0
0
0
0
0
0
0
0
0
0
0
0
0
0
0
0
0
0
0
0
0
4,120,000,000
0
0
0
0
0
0
0
0
0
0
0
0
0
0
0
0
0
0
0
0
0
0
0
0
0
0
0
0
0
0
0
0
0
0
0
0
0
0
0
0
0
0
0
0
0
0
0
0
0
25,900,000
91,900,000
0
0
5,130,000
94,300,000
0
0
0
0
1,240,000,000
0
0
0
7,110,000,000
0
0
0
0
0
0
0
0
0
0
0
0
0
0
0
0
869,000,000
0
4,660,000
1,680,000,000
0
0
854,000,000
1,860,000,000
0
0
1,780,000,000
0
62,200,000
0
0
0
0
84,600,000
1,560,000,000
823,000,000
0
61,800,000
0
0
93,900,000
0
0
3,110,000,000
0
0
0
0
0
0
0
0
0
25,000,000
274,000,000
0
0
0
0
0
0
0
0
0
0
0
0
0
0
0
0
0
0
0
0
0
0
0
320,000,000
0
0
0
0
0
0
0
2,140,000,000
0
0
0
0
1,860,000,000
0
0
0
0
2,910,000,000
0
0
0
0
0
0
0
0
0
0
0
0
0
0
0
0
0
6,750,000
79,600,000
0
0
239,000,000
0
0
108,000,000
176,000,000
203,000,000
0
0
0
83,700,000
197,000,000
0
0
0
0
156,000,000
0
0
74,200,000
0
0
0
0
0
0
6,760,000
0
449,000,000
0
664,000,000
0
0
1,650,000,000
64,500,000
0
0
0
46,700,000
0
0
1,610,000,000
0
0
0
0
0
0
0
0
0
0
0
0
0
0
0
0
0
0
0
0
0
0
519,000,000
0
0
0
25,270,000,000
0
0
0
0
0
0
0
0
497,000,000
0
0
21,400,000
0
817,000,000
272,000,000
0
0
817,000,000
0
0
0
0
0
0
0
0
0
0
0
0
0
0
0
0
0
0
0
0
0
0
0
0
0
0
0
0
0
0
0
0
0
0
0
0
0
0
0
0
0
0
0
0
0
0
0
0
0
0
0
0
0
0
0
0
0
0
0
0
0
0
0
0
0
0
0
0
0
0
0
0
0
0
0
0
0
0
0
0
0
0
0
0
0
0
0
0
0
0
0
0
0
0
0
0
0
0
0
0
0
0
0
0
0
0
0
0
0
0
0
0
0
0
0
0
0
0
0
0
0
0
0
0
42,500,000
0
83,900,000
0
5,490,000,000
0
0
2,230,000
0
0
0
0
0
90,200,000
0
230,000,000
0
0
1,500,000,000
0
0
0
0
0
123,000,000
0
0
0
0
0
0
0
12,650,000,000
0
0
0
0
0
9,120,000
0
30,400,000
0
0
0
0
1,400,000,000
0
0
0
0
0
258,000,000
0
0
84,600,000
0
0
156,000,000
0
0
1,410,000,000
0
0
89,400,000
0
0
0
0
0
0
5,580,000,000
0
0
0
0
866,000,000
0
1,470,000,000
0
0
0
0
0
589,000,000
0
0
0
0
0
0
5,620
0
0
0
0
0
432,000,000
647,000,000
1,430,000,000
1,410,000,000
0
0
670,000,000
0
0
276,000
0
87,700,000
0
65,000,000
0
163,000,000
0
0
1,470,000,000
0
0
0
0
0
0
0
0
0
0
0
0
30,200,000
238,000,000
234,000,000
131,000,000
62,700,000
0
68,800,000
645,000,000
0
0
0
0
0
6,310,000
1,070,000,000
0
1,950,000,000
0
0
0
0
0
0
0
0
0
0
0
0
0
0
0
0
0
0
0
0
0
0
0
0
0
0
0
0
0
0
0
0
142,000,000
0
0
257,000,000
0
0
0
0
0
0
0
0
528,000
297,000,000
0
0
0
664,000,000
1,370,000,000
0
0
0
0
113,000,000
1,880,000,000
504,000,000
0
1,540,000,000
0
0
199,000,000
0
430,000,000
0
0
0
0
0
0
0
0
2,880,000,000
0
0
0
0
0
0
0
0
173,000,000
0
21,700,000
541,000,000
0
884,000,000
275,000,000
0
1,130,000,000
0
0
0
0
0
0
0
0
0
0
0
0
0
0
0
0
0
0
0
0
0
0
0
0
0
0
0
0
0
0
0
0
0
0
0
0
0
0
0
0
0
0
0
0
0
0
0
0
0
0
0
0
0
0
0
0
0
0
0
0
0
0
0
0
0
0
0
0
0
0
0
0
0
0
0
0
0
0
0
0
0
0
0
0
0
0
0
0
0
0
0
0
0
0
0
0
0
2,120,000
12,100,000
0
0
0
388,000,000
0
540,000,000
0
0
0
0
0
0
0
0
0
0
0
0
0
0
0
0
0
0
0
0
0
0
0
0
0
0
0
0
0
0
0
0
0
0
0
0
0
0
0
0
0
0
0
0
0
0
0
0
0
0
0
0
0
0
0
0
0
0
0
414,000,000
0
0
0
0
0
0
0
0
0
0
0
0
0
43,500,000
0
0
0
0
0
0
0
39,600,000
0
10,040,000,000
0
0
0
506,000,000
304,000,000
0
0
0
0
525,000,000
0
0
1,070,000,000
3,470,000,000
2,200,000,000
0
0
0
0
0
0
0
0
0
0
0
0
0
0
0
0
0
0
0
0
0
0
0
0
0
0
0
0
0
0
0
0
0
0
0
0
0
0
0
0
0
0
0
0
0
0
0
0
0
0
0
0
0
0
0
0
0
0
0
7,560,000,000
0
0
0
0
3,740,000,000
0
0
0
0
0
0
0
0
0
0
0
0
0
0
149,000,000
0
47,400,000
78,600,000
111,000,000
5,170,000,000
0
0
0
0
0
0
0
0
0
0
0
215,000,000
0
0
510,000,000
0
134,000,000
0
0
0
0
68,100,000
0
0
0
0
0
0
0
0
0
0
0
0
0
0
0
106,000,000
0
0
2,420,000,000
0
0
0
0
0
0
0
214,000,000
0
0
0
0
0
0
0
0
0
0
0
0
0
0
0
229,000,000
0
0
0
0
0
0
41,300,000
0
41,900,000
0
3,910,000,000
0
0
0
0
17,090,000,000
2,210,000,000
0
0
0
0
0
0
0
0
0
0
0
0
0
0
0
0
0
0
0
0
0
0
0
0
0
0
0
0
0
0
5,390,000,000
0
0
0
0
0
0
0
0
0
0
0
0
0
0
0
0
0
0
0
0
0
0
0
0
0
0
0
0
0
0
0
0
0
0
0
0
0
0
0
0
0
0
0
0
0
0
0
0
0
0
0
0
0
0
0
0
0
0
0
0
0
0
0
0
0
0
0
0
0
0
0
0
0
0
0
0
0
0
0
0
0
0
0
0
0
0
0
494,000
3,490,000,000
0
0
0
0
0
0
0
0
0
22,100,000
752,000,000
0
0
0
0
0
0
0
0
0
0
0
13,200,000
3,660,000,000
0
0
0
0
0
0
0
0
0
9,380,000
0
0
0
0
1,790,000,000
0
2,060,000,000
5,950,000,000
0
0
1,870,000,000
0
0
0
0
0
1,090,000,000
0
6,430,000,000
0
164,000,000
0
0
0
0
0
0
66,600,000
0
0
0
0
0
0
0
0
0
0
0
0
0
81,100,000
574,000,000
0
0
0
0
3,470,000,000
0
131,000,000
0
0
0
0
130,000,000
0
360,000,000
0
0
0
672,000,000
0
0
0
0
0
2,750,000,000
0
0
138,000,000
359,000,000
0
0
0
0
461,000,000
0
178,000,000
0
0
6,430,000,000
0
0
0
282,000,000
0
0
0
0
0
0
0
0
0
0
0
0
0
0
0
0
0
0
0
0
0
0
0
0
0
164,000,000
240,000,000
0
0
3,920,000
4,200,000
0
0
2,070,000,000
0
0
0
0
0
0
0
0
0
562,000,000
0
0
0
0
0
0
0
0
0
0
0
716,000,000
0
0
88,700,000
0
213,000,000
0
0
4,380,000,000
0
0
0
0
0
0
0
0
0
0
0
0
0
1,060,000,000
187,000,000
0
0
153,000,000
0
1,540,000,000
0
4,750,000
0
0
231,000,000
0
0
1,370,000,000
0
0
0
0
0
0
0
0
0
0
0
0
0
0
0
121,000,000
0
0
0
0
0
0
0
0
211,000,000
0
0
0
0
0
0
0
0
0
0
0
0
0
0
0
0
0
0
0
0
0
0
0
0
0
0
0
0
0
0
0
0
0
0
0
0
0
0
0
0
0
0
0
0
0
0
0
0
0
0
0
0
0
5,940,000
477,000,000
0
0
0
0
363,000,000
0
0
0
8,430,000
0
0
0
0
0
0
0
0
0
0
1,260,000,000
0
0
0
0
0
0
0
0
0
0
0
913,000,000
0
0
0
756,000,000
0
0
0
0
0
0
0
0
0
0
0
0
0
0
0
0
0
3,960,000,000
28,500,000
0
194,000,000
19,500,000
0
0
0
0
0
0
122,000,000
0
0
878,000,000
0
0
140,000,000
9,700,000,000
260,000,000
27,100,000
131,000,000
0
0
188,000,000
0
0
0
34,700,000
0
0
0
0
0
0
0
0
0
633,000,000
0
323,000,000
649,000,000
0
0
198,000,000
0
22,120,000,000
0
0
0
0
0
0
0
118,000,000
0
0
0
0
13,550,000,000
0
0
0
0
3,900,000,000
0
0
7,340,000
0
0
1,680,000
135,000,000
0
0
0
0
373,000,000
0
0
0
4,240,000,000
737,000,000
65,700,000
6,720,000,000
0
0
0
0
1,070,000,000
0
925,000,000
0
0
0
0
0
0
0
12,700,000
4,760,000,000
0
0
0
0
0
0
0
0
0
0
0
0
0
0
0
0
0
0
0
0
0
0
657,000,000
0
0
0
0
0
0
6,730,000,000
0
0
0
0
0
0
0
0
0
0
0
0
0
0
0
0
0
0
0
0
0
0
0
0
0
0
0
0
0
0
0
0
0
15,650,000,000
0
0
0
3,070,000
5,620,000,000
0
0
0
0
0
0
0
0
0
0
0
0
0
0
0
0
0
0
0
0
0
0
0
0
0
1,180,000,000
0
1,740,000,000
0
0
0
0
0
0
0
0
0
0
0
0
0
0
0
0
0
0
0
0
0
0
0
0
0
0
14,700,000,000
0
0
0
0
0
0
0
0
68,700,000
0
0
0
0
0
1,050,000,000
0
0
0
0
0
258,000,000
0
50,600,000
0
1,530,000,000
0
0
0
0
0
0
0
7,930,000
0
0
0
0
0
1,750,000,000
180,000,000
970,000,000
0
0
0
0
261,000,000
0
177,000,000
0
0
74,300,000
0
0
0
0
0
0
0
0
0
34,700,000
0
23,700,000
1,080,000,000
806,000,000
0
0
0
0
0
0
0
0
0
0
0
0
0
0
0
0
622,000,000
0
0
0
0
62,800,000
0
0
766,000,000
0
27,600,000
0
0
95,400,000
1,820,000,000
0
0
9,660,000
551,000,000
2,070,000,000
0
0
574,000,000
0
11,600,000
163,000,000
3,740,000,000
0
0
0
0
0
0
0
0
0
0
0
0
0
0
0
0
0
0
0
0
0
0
0
0
0
0
0
0
0
0
0
0
0
0
0
0
0
0
0
0
0
0
0
0
0
0
0
0
0
0
0
0
0
0
0
0
0
0
0
0
0
0
0
0
0
0
0
0
0
0
0
0
0
0
0
0
0
0
0
0
0
0
0
0
0
0
0
0
0
0
0
0
0
0
0
0
0
0
0
0
0
0
0
0
0
0
0
0
0
0
0
0
0
0
0
0
0
0
0
0
0
0
0
0
0
0
0
0
0
0
0
0
0
0
0
112,000,000
3,490,000,000
0
0
0
0
0
0
0
0
0
0
0
0
0
0
0
0
0
0
0
0
0
0
330,000,000
0
0
0
0
0
0
306,000,000
342,000,000
0
0
0
35,300,000
0
0
622,000,000
0
970,000,000
0
0
594,000,000
0
0
0
0
0
0
0
705,000,000
0
0
0
0
0
0
0
0
0
0
0
0
0
54,600,000
209,000,000
0
77,700,000
0
0
5,780,000,000
0
0
0
0
0
0
0
0
0
61,800,000
0
53,700,000
0
0
0
0
0
41,700,000
566,000,000
0
0
476,000,000
12,800,000,000
0
32,300,000
0
0
0
0
0
0
0
0
0
0
0
0
0
0
0
0
0
0
0
0
0
0
0
0
0
0
0
466,000
0
0
12,000,000
3,600,000,000
0
0
0
0
0
0
0
0
0
0
0
0
0
0
0
0
0
0
0
0
0
0
0
0
0
0
0
0
0
0
0
0
0
0
0
0
0
0
0
0
0
0
0
0
0
0
0
0
0
0
0
0
0
0
0
0
0
0
0
0
0
0
0
0
0
0
0
0
0
0
0
0
0
0
0
0
0
0
0
0
0
0
0
0
0
0
0
0
0
0
0
0
0
0
0
0
0
0
0
0
0
0
0
0
0
0
0
0
0
0
0
0
0
0
0
0
0
0
0
0
0
0
0
0
0
0
0
0
0
0
0
0
0
0
0
0
0
0
0
0
0
0
0
0
0
0
0
0
0
0
0
0
0
0
0
0
0
0
0
0
0
0
0
0
0
0
0
0
0
0
0
0
0
0
0
0
0
0
0
0
0
0
0
0
0
0
0
0
0
0
0
0
0
0
0
0
0
0
0
0
0
0
0
0
0
0
0
0
0
0
0
0
0
0
0
0
0
0
0
0
0
0
0
0
0
0
0
0
0
0
0
0
0
0
0
0
0
0
0
0
0
0
0
0
0
0
0
0
0
0
0
0
0
0
0
0
0
0
0
0
0
0
0
0
0
0
0
0
0
0
0
0
0
0
0
0
0
0
0
0
0
0
0
0
0
0
0
0
0
0
0
0
0
0
0
0
0
0
0
0
0
0
0
0
0
0
0
0
0
0
0
0
0
0
0
0
0
0
0
0
0
0
0
0
0
0
0
0
0
0
0
0
0
0
0
0
0
0
0
0
0
0
0
0
0
0
0
0
0
0
0
0
0
0
0
0
0
0
0
0
0
0
0
0
0
0
0
0
0
0
0
0
0
0
0
0
0
0
0
0
0
0
0
0
0
0
0
0
0
0
0
0
0
0
0
0
0
0
0
0
0
0
0
0
0
0
0
0
0
0
0
0
0
0
0
0
0
0
0
0
0
0
0
0
0
0
0
0
0
0
0
0
0
0
0
0
0
0
0
0
0
0
0
0
0
0
0
0
0
0
0
0
0
0
0
0
0
0
0
0
0
0
0
0
0
0
0
0
0
0
0
0
0
0
0
0
0
0
0
0
0
0
0
0
0
0
0
0
0
0
0
0
0
0
0
0
0
0
0
0
0
0
0
0
0
0
0
0
0
0
0
0
0
0
0
0
0
0
0
0
0
0
0
0
0
0
0
0
0
0
0
0
0
0
0
0
0
0
0
0
0
0
0
0
0
0
0
0
0
0
0
0
0
0
0
0
0
0
0
0
0
0
0
0
0
0
0
0
0
0
0
0
0
0
0
0
0
0
0
0
0
0
0
0
0
0
0
0
0
0
0
0
0
0
0
0
0
0
0
0
0
0
0
0
0
0
0
0
0
0
0
0
0
0
0
0
0
0
0
0
0
0
0
0
0
0
0
0
0
0
0
0
0
0
0
0
0
0
0
0
0
0
0
0
0
0
0
0
0
0
0
0
0
0
0
0
0
0
0
0
0
0
0
0
0
0
0
0
0
0
0
0
0
0
0
0
0
0
0
0
0
0
0
0
0
0
0
0
0
0
0
0
0
0
0
0
0
0
0
0
0
0
0
0
0
0
0
0
0
0
0
0
0
0
0
0
0
0
0
0
0
0
0
0
0
0
0
0
0
0
0
0
0
0
0
0
0
0
0
0
0
0
0
0
0
0
0
0
0
0
0
0
0
0
0
0
0
0
0
0
0
0
0
0
0
0
0
0
0
0
0
0
0
0
0
0
0
0
0
0
0
0
0
201,000
0
0
1,750,000,000
0
0
0
0
0
0
5,560,000,000
0
0
18,360,000,000
0
0
0
0
0
0
0
502,000,000
796,000,000
0
0
0
0
354,000,000
0
4,490,000,000
0
0
0
0
0
0
594,000,000
1,730,000,000
0
0
0
0
151,000,000
277,000,000
0
0
0
0
14,600,000
0
0
178,000,000
0
0
0
0
0
0
0
0
0
0
0
0
0
0
77,000,000
0
202,000,000
0
0
0
0
0
0
0
0
1,980,000,000
0
0
0
0
0
0
0
0
0
0
0
0
0
0
0
0
0
0
0
0
0
0
0
0
0
5,740,000,000
0
0
0
0
0
0
103,000,000
0
0
0
0
0
0
0
0
688,000,000
0
0
0
449,000,000
48,600,000
859,000,000
0
0
0
0
0
0
0
44,800,000
1,220,000,000
0
0
0
0
0
0
0
0
0
0
0
726,000,000
0
0
0
0
0
0
0
1,180,000,000
39,000,000
0
0
0
0
0
0
0
0
0
0
0
0
0
0
0
0
0
0
0
0
0
0
0
0
0
0
0
0
56,800,000
53,200,000
0
0
0
0
0
0
0
0
443,000,000
0
0
0
0
0
228,000,000
210,000,000
2,650,000,000
0
0
0
133,000,000
0
0
0
1,800,000,000
0
0
0
0
0
0
0
0
0
0
0
0
0
0
0
0
0
0
0
0
0
0
0
0
0
0
0
0
0
0
0
0
0
0
0
0
0
0
0
0
0
0
0
0
0
0
0
0
0
0
0
0
0
0
0
0
0
0
0
0
0
0
0
0
0
0
0
0
0
0
0
0
0
0
0
0
0
1,930,000,000
0
0
0
3,070,000,000
0
1,420,000,000
613,000,000
0
0
0
279,000
0
0
0
0
0
0
0
0
0
0
0
0
0
0
0
0
0
0
0
0
0
0
0
0
0
0
0
0
0
0
0
0
0
0
0
0
0
0
0
0
0
0
0
0
0
0
0
0
0
0
1,620,000,000
0
4,490,000
0
0
0
0
88,000,000
0
0
113,000,000
0
0
0
0
47,000
0
68,500,000
0
0
0
0
0
0
0
0
0
55,300,000
0
0
0
0
0
0
0
0
0
0
0
0
0
0
47,300,000
187,000,000
76,900,000
0
0
242,000,000
0
1,030,000,000
0
0
0
0
0
0
0
0
0
0
0
0
0
0
0
0
0
0
0
0
0
0
0
0
0
0
0
95,800,000
0
1,220,000,000
0
0
0
0
0
0
0
0
0
0
0
0
0
0
0
0
7,810,000
195,000,000
17,600,000
0
0
0
0
0
402,000,000
0
38,200,000
379,000,000
0
0
0
0
0
0
27,300,000
0
0
0
0
0
0
271,000,000
0
0
0
0
1,160,000,000
0
13,500,000
0
0
0
101,000,000
337,000,000
0
0
0
0
0
0
0
0
0
0
0
0
0
0
0
0
0
0
0
0
24,000,000
0
0
0
0
23,500,000
0
5,980,000,000
0
0
0
0
0
0
0
0
0
0
0
0
0
0
0
0
0
0
0
0
0
0
0
0
0
0
0
0
0
0
0
0
0
0
0
0
0
0
0
0
0
0
0
0
0
0
0
0
0
0
0
0
0
0
0
0
0
0
0
0
0
0
0
0
0
249,000,000
0
0
227,000,000
0
222,000,000
0
206,000,000
0
0
0
0
0
0
0
0
0
0
0
0
0
0
0
0
0
0
0
0
0
0
0
0
0
0
0
820,000,000
0
0
0
0
0
0
0
0
0
0
0
0
0
0
0
0
0
0
0
0
0
0
0
0
0
0
0
0
0
0
0
0
0
0
0
0
0
0
0
0
0
0
0
0
1,780,000,000
0
0
0
0
0
0
0
68,700,000
0
274,000,000
0
0
0
1,030,000,000
0
0
0
0
0
0
0
0
0
0
0
0
0
0
0
0
0
0
0
0
0
0
0
0
0
0
0
0
0
0
0
0
0
0
0
0
0
0
0
0
0
0
0
0
0
0
0
0
0
0
0
0
0
0
0
0
0
0
0
0
0
0
0
0
0
0
0
0
0
0
0
0
0
0
0
391,000,000
0
443,000,000
1,030,000
6,620,000,000
0
0
0
1,320,000,000
0
1,480,000,000
0
0
0
0
7,590,000
0
0
4,090,000,000
0
0
0
0
0
0
0
0
0
0
0
0
0
0
0
0
0
0
60,600,000
0
24,000,000
0
0
0
3,450,000,000
0
0
0
0
0
0
0
0
0
0
0
0
462,000,000
1,250,000,000
171,000,000
0
530,000,000
0
0
58,000,000
3,370,000,000
0
0
0
0
0
0
0
0
0
0
0
0
0
0
0
0
0
0
0
0
0
0
0
0
0
0
0
0
0
0
0
0
0
0
0
0
0
0
0
0
0
0
0
0
0
0
0
0
0
0
0
0
0
0
0
0
0
0
0
0
0
0
0
0
0
0
0
0
0
0
0
0
0
0
0
0
0
0
0
0
0
0
0
0
0
0
0
0
0
0
0
0
0
0
0
0
0
0
0
0
0
0
0
0
0
0
0
0
0
0
0
0
0
0
0
0
0
0
0
0
0
0
0
0
0
0
0
0
0
0
0
0
198,000,000
0
1,660,000,000
0
0
1,650,000,000
0
0
0
0
0
0
27,200,000
1,060,000,000
640,000,000
0
0
0
0
0
160,000,000
0
0
0
150,000,000
634,000,000
0
0
0
0
0
0
0
0
0
0
0
0
0
0
0
0
0
0
0
0
0
0
0
0
0
0
0
0
0
294,000,000
0
0
0
0
0
115,000,000
0
0
0
0
0
464,000,000
0
0
0
98,700,000
0
1,040,000,000
0
148,000,000
0
0
0
0
0
0
0
0
24,000,000
0
0
0
0
0
0
0
139,000,000
0
0
233,000,000
0
103,000,000
0
566,000,000
0
0
0
0
284,000,000
296,000,000
27,100,000
0
771,000,000
0
147,000,000
1,230,000,000
0
0
0
0
0
0
0
0
19,600,000
0
0
3,020,000
11,600,000
280,000,000
0
0
0
0
0
0
0
0
2,000,000,000
0
0
0
0
0
0
0
0
0
0
0
0
0
0
1,090,000
0
74,400,000
0
180,000,000
0
0
0
0
0
0
0
2,090,000,000
0
0
992,000,000
0
0
0
0
0
0
0
0
0
0
0
0
0
0
0
0
0
0
0
0
0
0
0
0
0
0
0
44,500,000
0
0
470,000,000
10,800,000
0
0
0
1,400,000,000
0
0
334,000
0
0
0
0
0
0
0
6,710,000,000
0
0
0
0
0
0
0
0
0
0
0
0
0
0
0
0
0
0
0
0
0
0
0
0
0
0
0
0
0
0
983,000,000
0
0
0
0
0
0
0
0
0
0
0
0
0
0
0
0
0
0
93,400,000
101,000,000
244,000,000
0
0
0
192,000,000
0
0
0
0
0
0
0
0
0
350,000,000
0
0
0
0
0
0
0
0
210,000,000
240,000,000
0
0
0
0
0
0
0
0
0
0
0
0
0
0
0
0
0
0
0
0
0
0
0
0
0
0
0
0
0
0
0
0
0
0
0
0
0
0
0
0
0
0
0
0
0
0
0
0
0
0
0
0
0
0
0
0
0
0
0
0
0
0
0
0
0
0
0
0
0
0
0
0
0
0
0
0
0
0
0
0
0
0
0
0
0
0
0
0
0
0
0
0
0
0
0
0
0
0
0
0
0
0
0
0
0
0
0
0
0
0
0
0
0
0
0
0
0
0
0
0
0
0
0
0
0
0
0
0
0
0
0
0
0
0
0
0
0
0
0
0
0
0
0
0
835,000,000
0
0
286,000,000
0
0
0
0
0
0
0
195,000,000
149,000,000
0
0
0
0
0
0
0
0
1,370,000,000
0
0
0
0
0
0
0
0
0
21,400,000
1,340,000,000
0
519,000,000
590,000,000
0
0
8,640,000,000
0
0
0
0
0
409,000,000
0
0
0
0
0
83,700
44,100,000
0
0
0
0
389,000,000
1,330,000,000
0
0
0
490,000,000
10,910,000,000
0
0
0
0
0
0
186,000,000
199,000,000
19,900,000
0
3,200,000,000
0
0
13,400,000
60,600,000
0
0
0
0
88,000,000
0
9,210,000,000
0
0
0
0
0
0
533,000,000
153,000,000
0
31,400,000
0
0
0
0
0
0
0
0
0
0
0
0
0
0
0
0
0
0
0
231,000,000
0
0
788,000,000
0
0
0
0
0
0
0
0
0
0
0
0
0
0
0
0
0
0
0
0
0
0
0
0
0
0
0
0
0
0
0
0
0
0
0
0
0
0
0
0
0
0
0
0
0
0
0
0
0
0
0
0
0
0
0
0
0
0
0
0
0
0
0
0
0
0
0
0
0
0
0
0
0
0
0
0
0
0
0
0
0
0
0
0
0
0
0
0
0
0
0
0
0
0
0
0
0
0
0
0
0
0
0
0
0
0
0
0
0
0
0
0
0
0
0
0
0
0
0
0
0
0
0
0
0
0
0
0
0
0
0
0
0
0
0
0
0
0
0
0
0
0
0
0
0
0
0
0
0
0
0
0
0
0
0
0
0
0
0
0
0
0
0
0
0
0
0
0
0
0
0
0
0
0
0
0
0
0
0
0
0
0
0
0
0
0
0
0
0
0
0
0
0
0
0
0
0
0
0
0
0
0
0
0
0
0
0
0
0
0
0
0
0
0
0
0
0
0
0
0
0
0
0
0
0
0
0
0
0
0
0
0
0
0
25,270,000,000
0
0
0
0
288,000,000
1,920,000
1,470,000,000
0
0
0
0
171,000,000
77,900,000
0
0
0
0
0
0
0
0
0
0
0
0
0
0
0
0
0
0
0
0
0
0
154,000,000
0
0
81,200,000
80,100,000
97,100,000
6,470,000,000
0
0
0
0
0
0
0
0
0
0
0
0
0
0
0
0
0
0
0
0
0
0
0
0
0
0
0
0
0
0
0
0
0
0
0
0
0
0
0
0
0
0
0
0
0
0
0
0
0
0
0
0
0
0
0
0
0
0
0
0
0
1,500,000,000
0
0
0
0
0
0
0
0
0
0
0
0
0
1,460,000,000
0
0
0
201,000,000
0
0
0
1,160,000,000
0
0
0
0
0
0
0
0
0
0
0
0
0
0
43,800,000
18,000,000
0
0
0
0
0
0
0
0
0
0
0
0
0
0
0
200,000,000
0
0
330,000,000
0
0
0
0
0
0
0
0
0
0
0
0
0
0
0
0
0
0
0
0
0
0
0
0
0
0
0
0
0
0
0
0
215,000,000
0
323,000,000
0
59,300,000
0
0
0
0
366,000,000
0
5,330,000,000
3,580,000,000
0
4,650,000,000
272,000,000
0
0
0
4,850,000,000
0
0
0
0
0
0
0
0
0
0
0
0
517,000,000
0
3,940,000
0
0
0
0
0
0
0
0
0
0
275,000,000
0
0
0
0
0
143,000,000
0
0
0
0
1,210,000,000
0
0
0
0
0
0
0
620,000,000
0
0
0
0
8,590,000
1,830,000,000
0
0
0
0
396,000,000
0
0
0
0
0
0
0
380,000,000
0
0
0
47,400,000
0
51,600,000
98,200,000
1,770,000,000
0
0
0
0
0
0
0
0
0
0
0
0
0
0
0
0
0
0
0
0
0
0
0
0
0
0
0
0
0
0
0
0
0
0
0
0
0
0
0
0
0
0
0
0
0
0
0
0
0
0
0
0
0
0
0
0
0
0
0
0
0
0
0
0
0
0
0
0
0
0
0
0
0
0
0
0
0
0
0
0
0
0
0
0
0
0
0
0
0
0
0
0
0
0
0
0
0
0
0
0
0
0
0
0
0
0
0
0
0
0
0
0
0
0
0
0
0
0
0
0
0
0
0
0
0
0
0
0
0
0
0
0
0
0
0
0
0
0
0
0
0
0
0
0
0
0
0
0
0
0
0
0
0
0
0
0
0
0
0
0
0
0
0
0
0
0
0
0
0
0
0
0
0
0
0
0
0
0
0
0
0
0
0
0
0
0
0
0
0
0
0
0
0
0
0
0
0
0
0
0
0
0
0
0
0
0
0
0
0
0
0
0
0
0
0
0
0
0
0
0
0
0
0
0
0
0
0
0
0
0
0
0
0
0
0
0
0
0
0
0
0
0
0
0
0
0
0
0
0
675,000,000
0
6,470,000,000
0
0
0
0
0
0
0
0
0
0
0
0
0
0
0
1,550,000,000
0
0
0
0
0
0
0
0
0
165,000,000
0
0
0
0
0
0
0
0
0
0
164,000,000
176,000,000
504,000,000
0
0
0
0
0
0
0
0
1,500,000,000
0
0
73,100,000
0
0
0
231,000,000
0
0
1,620,000,000
688,000,000
0
815,000,000
0
0
0
0
0
0
0
0
0
370,000,000
0
0
4,290,000,000
0
0
0
0
2,330,000
194,000,000
1,270,000,000
0
0
0
0
0
0
0
0
0
76,300,000
13,600,000
2,890,000,000
0
0
0
0
0
0
0
0
0
0
0
0
0
0
0
5,910,000,000
0
0
0
0
0
0
0
0
0
0
0
0
32,800,000
0
0
0
138,000,000
0
0
0
0
124,000,000
0
0
0
1,130,000,000
0
3,960,000,000
0
0
11,000,000
8,490,000
0
0
0
0
0
0
0
0
0
559,000,000
0
179,000,000
121,000,000
0
0
0
0
0
50,100,000
865,000,000
0
0
1,520,000,000
0
0
0
0
0
0
0
2,290,000,000
0
0
0
40,300,000
99,800,000
0
0
0
15,900,000
0
0
0
0
0
0
0
0
366,000,000
0
0
0
0
154,000,000
0
0
0
0
0
657,000,000
0
370,000,000
0
3,260,000,000
0
0
0
0
0
109,000,000
134,000,000
0
609,000,000
0
0
0
500,000,000
0
409,000,000
0
0
1,920,000,000
0
0
0
886,000,000
0
0
0
0
0
0
0
0
0
0
0
0
0
0
0
0
0
98,300,000
0
0
337,000,000
0
73,800,000
0
181,000,000
113,000,000
0
0
0
0
0
0
0
0
779,000,000
5,600,000,000
836,000,000
10,440,000,000
0
2,540,000,000
0
0
0
0
0
0
0
0
0
0
0
0
0
0
0
0
0
0
0
43,700,000
6,020,000,000
0
0
0
0
0
0
0
381,000,000
0
2,760,000
0
0
0
0
0
0
0
0
0
22,800,000
0
0
0
0
0
0
0
0
0
0
0
0
0
0
0
0
0
0
66,900,000
0
0
0
0
0
0
0
0
0
0
0
0
0
0
0
0
0
765,000,000
0
0
55,400,000
19,400,000
46,100,000
0
0
0
0
0
0
0
0
0
25,200,000
0
0
0
0
0
0
148,000,000
0
961,000,000
0
0
0
0
1,170,000,000
0
0
0
0
0
0
166,000,000
0
0
0
0
0
0
0
0
0
0
0
426,000,000
0
0
0
104,000,000
0
0
0
0
0
0
0
0
2,670,000,000
0
0
0
110,000,000
0
0
2,520,000,000
0
572,000,000
0
0
0
0
0
0
0
0
0
0
0
0
0
0
0
0
0
0
0
0
0
0
14,470,000,000
4,650,000
0
0
0
0
0
0
0
0
0
433,000,000
0
0
0
144,000,000
294,000,000
0
0
0
0
0
0
0
0
449,000,000
0
1,820,000,000
0
0
161,000,000
17,600,000,000
0
0
0
0
42,800,000
2,690,000,000
0
0
368,000,000
0
161,000,000
758,000,000
2,300,000,000
945,000,000
0
0
0
0
0
0
1,050,000,000
0
0
2,250,000,000
0
0
0
0
0
0
0
0
1,230,000,000
0
0
0
592,000,000
0
0
0
1,070,000,000
0
0
0
0
0
0
0
0
0
0
0
0
0
0
0
0
0
0
0
0
0
0
0
0
0
0
0
0
0
0
0
0
0
0
0
0
0
0
0
0
0
0
0
0
0
0
0
0
0
0
0
0
0
0
0
0
0
0
0
0
0
0
0
0
0
0
0
0
0
0
0
0
0
0
0
0
0
0
0
0
0
0
0
0
0
0
0
0
0
0
0
0
0
0
0
0
0
0
0
0
0
0
0
0
0
0
0
0
0
0
0
0
0
0
0
0
128,000,000
0
230,000,000
0
0
0
0
0
0
0
0
0
0
0
0
0
0
72,100,000
571,000,000
1,600,000,000
0
0
0
0
0
0
0
0
0
0
0
0
0
0
0
0
0
0
0
0
0
70,300,000
579,000,000
0
0
0
474,000,000
0
20,100,000
0
0
374,000,000
0
91,300,000
0
0
1,990,000
0
0
0
0
0
0
0
36,100,000
0
0
322,000,000
0
0
0
299,000,000
0
0
0
0
3,320,000,000
0
0
209,000,000
0
0
1,110,000,000
0
0
0
1,930,000,000
0
0
36,300,000
0
0
0
0
185,000,000
0
0
0
0
0
16,500,000
0
0
10,440,000,000
0
0
0
15,800,000
0
0
0
0
0
0
0
0
0
0
0
0
0
0
0
0
0
0
0
0
0
0
0
0
0
0
0
0
0
0
0
0
0
18,100,000
0
0
0
0
0
0
0
0
0
0
0
0
0
4,150,000
0
0
162,000,000
275,000,000
0
9,870,000
0
6,130,000
0
0
0
0
330,000,000
0
0
0
0
1,830,000,000
0
0
0
0
0
0
0
0
0
0
30,700,000
0
93,300,000
0
924,000,000
0
0
0
0
90,500,000
0
0
0
0
18,300,000
292,000,000
0
0
0
0
0
0
0
0
0
124,000,000
0
0
0
0
0
0
0
1,190,000,000
0
0
1,020,000,000
0
0
297,000,000
0
0
10,400,000
0
0
93,300,000
261,000,000
0
16,390,000,000
0
949,000,000
0
0
19,820,000,000
0
0
0
0
0
0
0
0
0
0
1,140,000,000
0
1,250,000,000
15,200,000
166,000,000
0
0
0
0
0
0
0
0
618,000,000
0
0
0
0
0
0
251,000,000
0
0
0
0
0
0
0
0
0
0
0
0
0
0
0
0
0
0
0
1,360,000,000
0
0
0
0
0
0
0
0
0
0
0
0
0
0
0
0
0
0
0
0
0
0
0
0
0
0
0
0
0
0
0
0
0
0
0
0
0
0
0
0
0
0
0
0
0
0
0
0
0
0
0
0
0
0
0
0
0
0
0
0
506,000,000
24,100,000
2,640,000,000
0
0
0
0
0
0
0
0
0
0
0
0
0
0
0
0
0
0
106,000,000
218,000,000
0
0
0
0
0
0
3,330,000,000
0
0
0
0
0
0
0
0
0
0
0
0
0
0
0
0
0
0
0
0
0
105,000,000
0
126,000,000
0
0
0
20,400,000
825,000,000
0
6,910,000,000
0
0
1,220,000,000
1,660,000,000
0
0
1,560,000,000
0
0
0
114,000,000
0
768,000,000
0
0
0
0
0
0
111,000,000
0
879,000,000
0
0
0
18,300,000
0
0
0
5,890,000,000
0
0
0
0
0
0
0
0
0
0
0
0
0
0
0
0
0
0
0
0
0
0
0
0
0
0
0
0
0
0
0
0
0
0
0
0
0
0
0
0
0
0
0
0
0
0
0
0
0
0
0
0
0
0
0
0
0
0
0
0
0
0
0
0
0
0
0
0
0
0
0
0
0
0
0
0
0
0
0
0
0
0
0
0
0
0
0
0
0
0
0
0
0
0
0
0
0
0
0
0
0
0
1,250,000,000
0
0
0
2,480,000,000
0
0
0
0
0
0
0
0
0
0
0
0
0
0
0
0
526,000
0
5,130,000
0
957,000,000
0
0
0
0
0
438,000,000
0
0
0
0
0
1,730,000,000
0
0
0
0
0
771,000,000
0
0
0
0
574,000,000
0
0
0
1,830,000,000
1,370,000,000
0
444,000,000
0
0
0
0
0
0
0
0
0
0
0
0
0
0
0
0
0
0
0
0
0
0
0
0
0
0
0
0
0
0
0
0
0
0
0
0
0
0
0
0
0
0
0
0
232,000,000
0
0
0
0
2,940,000,000
0
0
0
0
0
0
113,000,000
10,020,000,000
0
0
0
173,000,000
0
0
0
0
0
65,800,000
492,000,000
0
0
0
0
0
0
119,000,000
0
2,670,000,000
0
0
0
0
0
0
0
0
0
0
0
0
0
0
0
0
0
0
0
0
0
0
0
0
0
0
0
0
0
0
0
0
0
0
0
0
0
0
0
0
0
0
0
0
0
0
0
86,200,000
20,900,000
0
25,270,000,000
3,020,000,000
0
0
0
0
0
0
0
0
0
0
0
0
0
45,900,000
0
0
0
0
